1.851025021833556750e+01
2.431476509894079996e+01
2.386003351843255516e+01
2.343205085442480140e+01
2.297731927391655304e+01
2.254933660990879574e+01
2.166662236539279363e+01
2.032917654036854671e+01
2.209460502940055093e+01
1.615634556629289520e+01
1.064606876719300210e+01
1.567486506928416645e+01
1.150203409520851849e+01
9.041133777163906871e+00
1.941971337935205710e+01
1.471190407526671251e+01
2.594644900547038091e+01
2.634768275297765427e+01
2.527772609295825390e+01
2.594644900547038091e+01
2.634768275297765427e+01
2.527772609295825390e+01
2.297731927391655304e+01
2.594644900547038091e+01
2.634768275297765427e+01
2.297731927391655304e+01
2.583945333946844158e+01
2.629418491997668639e+01
2.527772609295825390e+01
2.594644900547038091e+01
2.260283444290976362e+01
2.527772609295825390e+01
2.297731927391655304e+01
2.297731927391655304e+01
2.634768275297765427e+01
2.594644900547038091e+01
2.297731927391655304e+01
2.594644900547038091e+01
2.527772609295825390e+01
2.634768275297765427e+01
2.527772609295825390e+01
2.260283444290976362e+01
2.260283444290976362e+01
2.634768275297765427e+01
2.583945333946844158e+01
2.511723259395534669e+01
2.511723259395534669e+01
2.583945333946844158e+01
2.511723259395534669e+01
2.583945333946844158e+01
2.583945333946844158e+01
2.511723259395534669e+01
2.260283444290976362e+01
2.629418491997668639e+01
2.260283444290976362e+01
2.260283444290976362e+01
2.471599884644807688e+01
2.583945333946844158e+01
2.511723259395534669e+01
2.629418491997668639e+01
2.559871309096407543e+01
2.629418491997668639e+01
2.166662236539279363e+01
2.629418491997668639e+01
2.471599884644807688e+01
2.431476509894079996e+01
2.629418491997668639e+01
2.511723259395534669e+01
2.605344467147232024e+01
2.559871309096407543e+01
2.166662236539279363e+01
2.616044033747425956e+01
2.471599884644807688e+01
2.166662236539279363e+01
2.559871309096407543e+01
2.471599884644807688e+01
2.616044033747425956e+01
2.166662236539279363e+01
2.166662236539279363e+01
2.067691245487485219e+01
2.067691245487485219e+01
2.616044033747425956e+01
2.471599884644807688e+01
2.616044033747425956e+01
2.605344467147232024e+01
2.616044033747425956e+01
2.559871309096407543e+01
2.067691245487485219e+01
2.166662236539279363e+01
2.605344467147232024e+01
2.431476509894079996e+01
2.669541866748396330e+01
2.661517191798250082e+01
2.669541866748396330e+01
2.559871309096407543e+01
2.535797284245971284e+01
2.535797284245971284e+01
2.669541866748396330e+01
2.669541866748396330e+01
2.535797284245971284e+01
2.067691245487485219e+01
2.471599884644807688e+01
2.669541866748396330e+01
2.067691245487485219e+01
2.616044033747425956e+01
2.067691245487485219e+01
2.661517191798250082e+01
2.669541866748396330e+01
2.672216758398444370e+01
2.672216758398444370e+01
2.535797284245971284e+01
2.559871309096407543e+01
2.431476509894079996e+01
2.535797284245971284e+01
2.669541866748396330e+01
2.605344467147232024e+01
2.605344467147232024e+01
2.661517191798250082e+01
2.669541866748396330e+01
2.672216758398444370e+01
2.669541866748396330e+01
2.672216758398444370e+01
2.661517191798250082e+01
2.656167408498153293e+01
2.669541866748396330e+01
2.343205085442480140e+01
2.431476509894079996e+01
2.431476509894079996e+01
2.672216758398444370e+01
2.591970008896989341e+01
2.661517191798250082e+01
2.656167408498153293e+01
2.509048367745486274e+01
2.386003351843255516e+01
2.653492516848104898e+01
2.535797284245971284e+01
2.605344467147232024e+01
2.669541866748396330e+01
2.669541866748396330e+01
2.672216758398444370e+01
2.484974342895050370e+01
2.669541866748396330e+01
2.661517191798250082e+01
2.669541866748396330e+01
2.669541866748396330e+01
2.661517191798250082e+01
2.661517191798250082e+01
2.669541866748396330e+01
2.669541866748396330e+01
2.661517191798250082e+01
2.669541866748396330e+01
2.650817625198056859e+01
2.650817625198056859e+01
2.661517191798250082e+01
2.645467841897959360e+01
2.648142733548008110e+01
2.669541866748396330e+01
2.648142733548008110e+01
1.966045362785642325e+01
2.661517191798250082e+01
2.669541866748396330e+01
2.658842300148202042e+01
1.966045362785642325e+01
2.484974342895050370e+01
2.669541866748396330e+01
2.658842300148202042e+01
2.669541866748396330e+01
2.661517191798250082e+01
1.861724588433751038e+01
2.645467841897959360e+01
2.578595550646747014e+01
2.386003351843255516e+01
2.656167408498153293e+01
2.648142733548008110e+01
2.669541866748396330e+01
2.484974342895050370e+01
1.762753597381956894e+01
2.648142733548008110e+01
2.297731927391655304e+01
2.669541866748396330e+01
2.661517191798250082e+01
2.653492516848104898e+01
2.653492516848104898e+01
2.661517191798250082e+01
2.297731927391655304e+01
2.645467841897959360e+01
2.650817625198056859e+01
2.661517191798250082e+01
2.509048367745486274e+01
2.386003351843255516e+01
2.343205085442480140e+01
2.484974342895050370e+01
2.656167408498153293e+01
2.669541866748396330e+01
2.297731927391655304e+01
2.650817625198056859e+01
2.578595550646747014e+01
2.656167408498153293e+01
2.460900318044613400e+01
1.861724588433751038e+01
2.658842300148202042e+01
1.861724588433751038e+01
2.661517191798250082e+01
1.754728922431811355e+01
2.578595550646747014e+01
2.460900318044613400e+01
2.640118058597862571e+01
2.658842300148202042e+01
2.567895984046553082e+01
2.567895984046553082e+01
2.637443166947814177e+01
2.653492516848104898e+01
2.436826293194177140e+01
2.648142733548008110e+01
2.653492516848104898e+01
2.650817625198056859e+01
2.637443166947814177e+01
2.645467841897959360e+01
2.642792950247910611e+01
2.254933660990879574e+01
2.653492516848104898e+01
2.567895984046553082e+01
2.343205085442480140e+01
2.653492516848104898e+01
2.645467841897959360e+01
2.436826293194177140e+01
2.656167408498153293e+01
2.254933660990879574e+01
2.554521525796310755e+01
2.460900318044613400e+01
2.656167408498153293e+01
2.541147067546068428e+01
2.653492516848104898e+01
2.653492516848104898e+01
2.634768275297765427e+01
2.436826293194177140e+01
2.254933660990879574e+01
1.658432823030065606e+01
2.254933660990879574e+01
2.656167408498153293e+01
2.658842300148202042e+01
1.754728922431811355e+01
2.541147067546068428e+01
2.640118058597862571e+01
2.554521525796310755e+01
1.645058364779823279e+01
2.650817625198056859e+01
2.648142733548008110e+01
2.637443166947814177e+01
2.645467841897959360e+01
2.209460502940055093e+01
2.637443166947814177e+01
1.645058364779823279e+01
1.559461831978271462e+01
2.410077376693692131e+01
2.436826293194177140e+01
2.656167408498153293e+01
2.634768275297765427e+01
2.656167408498153293e+01
2.656167408498153293e+01
2.669541866748396330e+01
2.509048367745486274e+01
2.591970008896989341e+01
2.658842300148202042e+01
2.648142733548008110e+01
2.658842300148202042e+01
2.661517191798250082e+01
2.509048367745486274e+01
2.653492516848104898e+01
2.648142733548008110e+01
2.591970008896989341e+01
1.966045362785642325e+01
1.966045362785642325e+01
2.661517191798250082e+01
2.653492516848104898e+01
2.653492516848104898e+01
2.658842300148202042e+01
2.591970008896989341e+01
2.653492516848104898e+01
2.661517191798250082e+01
2.591970008896989341e+01
1.966045362785642325e+01
2.645467841897959360e+01
2.661517191798250082e+01
2.386003351843255516e+01
2.484974342895050370e+01
1.864399480083799432e+01
2.591970008896989341e+01
2.648142733548008110e+01
2.661517191798250082e+01
2.343205085442480140e+01
2.658842300148202042e+01
1.861724588433751038e+01
2.343205085442480140e+01
2.645467841897959360e+01
2.578595550646747014e+01
2.661517191798250082e+01
1.861724588433751038e+01
2.484974342895050370e+01
2.650817625198056859e+01
2.645467841897959360e+01
2.578595550646747014e+01
2.656167408498153293e+01
2.661517191798250082e+01
1.754728922431811355e+01
2.640118058597862571e+01
2.640118058597862571e+01
2.297731927391655304e+01
2.640118058597862571e+01
2.460900318044613400e+01
2.648142733548008110e+01
2.567895984046553082e+01
2.653492516848104898e+01
2.460900318044613400e+01
2.554521525796310755e+01
2.658842300148202042e+01
2.297731927391655304e+01
1.645058364779823279e+01
2.436826293194177140e+01
2.645467841897959360e+01
1.645058364779823279e+01
2.656167408498153293e+01
2.656167408498153293e+01
1.645058364779823279e+01
2.653492516848104898e+01
2.436826293194177140e+01
2.653492516848104898e+01
2.645467841897959360e+01
2.637443166947814177e+01
2.656167408498153293e+01
2.642792950247910611e+01
1.500614215677204655e+01
1.332096041724149416e+01
1.802876972132684230e+01
1.519338457227543771e+01
1.709255764380987230e+01
2.121189078488454882e+01
1.425717249475846771e+01
1.238474833972452238e+01
1.896498179884381585e+01
1.987444495986030191e+01
2.431476509894079996e+01
2.525097717645777351e+01
2.188061369739666873e+01
2.431476509894079996e+01
2.629418491997668639e+01
1.821601213683023701e+01
2.640118058597862571e+01
2.599994683847135235e+01
2.185386478089618478e+01
5.670770298102805640e+00
2.599994683847135235e+01
4.921800636089226799e+00
2.629418491997668639e+01
2.525097717645777351e+01
2.616044033747425956e+01
2.640118058597862571e+01
2.599994683847135235e+01
2.616044033747425956e+01
2.525097717645777351e+01
4.253077723577103342e+00
2.185386478089618478e+01
1.802876972132684230e+01
2.431476509894079996e+01
2.629418491997668639e+01
2.616044033747425956e+01
2.599994683847135235e+01
2.640118058597862571e+01
2.629418491997668639e+01
3.049376481055282362e+00
2.185386478089618478e+01
2.616044033747425956e+01
1.802876972132684230e+01
2.525097717645777351e+01
2.525097717645777351e+01
2.640118058597862571e+01
2.185386478089618478e+01
2.431476509894079996e+01
2.616044033747425956e+01
2.616044033747425956e+01
2.599994683847135235e+01
2.185386478089618478e+01
2.640118058597862571e+01
2.629418491997668639e+01
2.525097717645777351e+01
2.431476509894079996e+01
2.599994683847135235e+01
2.629418491997668639e+01
1.781477838932296365e+01
2.594644900547038091e+01
2.161312453239182574e+01
2.418102051643837669e+01
2.613369142097377562e+01
2.161312453239182574e+01
2.626743600347619889e+01
2.594644900547038091e+01
1.757403814081859750e+01
4.948549552589712519e+00
2.418102051643837669e+01
1.757403814081859750e+01
2.418102051643837669e+01
2.594644900547038091e+01
2.517073042695631813e+01
2.637443166947814177e+01
2.517073042695631813e+01
2.613369142097377562e+01
2.626743600347619889e+01
3.477359145063041002e+00
2.161312453239182574e+01
1.757403814081859750e+01
2.418102051643837669e+01
2.517073042695631813e+01
2.161312453239182574e+01
2.594644900547038091e+01
1.741354464181569028e+01
2.517073042695631813e+01
2.637443166947814177e+01
2.613369142097377562e+01
2.161312453239182574e+01
2.407402485043643736e+01
7.222207455130932097e+00
1.757403814081859750e+01
2.594644900547038091e+01
2.509048367745486274e+01
2.509048367745486274e+01
2.407402485043643736e+01
2.407402485043643736e+01
2.509048367745486274e+01
2.624068708697571140e+01
2.134563536738697209e+01
3.504108061563525389e+00
2.610694250447328812e+01
2.634768275297765427e+01
2.591970008896989341e+01
2.634768275297765427e+01
2.835385149051402820e+00
2.509048367745486274e+01
2.610694250447328812e+01
2.634768275297765427e+01
2.591970008896989341e+01
6.285995377613957658e+00
2.624068708697571140e+01
1.709255764380987230e+01
2.610694250447328812e+01
2.624068708697571140e+01
1.658432823030065562e+00
2.591970008896989341e+01
2.134563536738697209e+01
2.591970008896989341e+01
2.610694250447328812e+01
1.709255764380987230e+01
2.621393817047523100e+01
2.634768275297765427e+01
2.492999017845195553e+01
2.091765270337921478e+01
2.634768275297765427e+01
2.605344467147232024e+01
1.661107714680114000e+01
2.383328460193207476e+01
9.094631610164876090e-01
2.369954001942964794e+01
1.564811615278368073e+01
2.067691245487485219e+01
5.858012713606200350e+00
2.618718925397474706e+01
1.524688240527641181e+00
2.059666570537339325e+01
2.808636232550917544e+00
2.618718925397474706e+01
2.113164403538309699e+00
2.484974342895050370e+01
2.629418491997668639e+01
2.618718925397474706e+01
2.629418491997668639e+01
2.369954001942964794e+01
2.484974342895050370e+01
1.564811615278368073e+01
1.564811615278368073e+01
2.059666570537339325e+01
2.618718925397474706e+01
2.059666570537339325e+01
2.369954001942964794e+01
2.484974342895050370e+01
5.884761630106684072e-01
2.059666570537339325e+01
2.602669575497183629e+01
2.629418491997668639e+01
2.369954001942964794e+01
2.618718925397474706e+01
2.602669575497183629e+01
2.581270442296795764e+01
8.024674950145480046e-02
2.602669575497183629e+01
2.581270442296795764e+01
2.629418491997668639e+01
2.575920658996698620e+01
2.599994683847135235e+01
5.483527882599409153e+00
2.618718925397474706e+01
2.616044033747425956e+01
2.626743600347619889e+01
2.359254435342770861e+01
2.476949667944904476e+01
2.043617220637048604e+01
2.626743600347619889e+01
2.575920658996698620e+01
2.460900318044613400e+00
2.616044033747425956e+01
1.257199075522791532e+00
2.575920658996698620e+01
2.599994683847135235e+01
2.356579543692722112e+01
1.513988673927446982e+01
2.476949667944904476e+01
2.599994683847135235e+01
2.476949667944904476e+01
2.035592545686903421e+01
2.356579543692722112e+01
1.513988673927446982e+01
2.616044033747425956e+01
2.035592545686903421e+01
1.513988673927446982e+01
2.599994683847135235e+01
4.012337475072739190e-01
2.476949667944904476e+01
2.356579543692722112e+01
2.599994683847135235e+01
2.356579543692722112e+01
2.476949667944904476e+01
2.626743600347619889e+01
1.984769604335981796e+01
2.335180410492334246e+01
4.788056053586802641e+00
2.035592545686903421e+01
2.575920658996698620e+01
1.984769604335981796e+01
1.984769604335981796e+01
2.594644900547038091e+01
2.624068708697571140e+01
2.624068708697571140e+01
1.415017682875653016e+01
2.594644900547038091e+01
2.463575209694661794e+01
8.292164115150327808e-01
2.594644900547038091e+01
2.332505518842285852e+01
2.463575209694661794e+01
2.610694250447328812e+01
1.412342791225604266e+01
2.567895984046553082e+01
2.610694250447328812e+01
2.463575209694661794e+01
1.409667899575555872e+01
2.332505518842285852e+01
2.567895984046553082e+01
2.624068708697571140e+01
1.984769604335981796e+01
2.594644900547038091e+01
1.604934990029096009e-01
0.000000000000000000e+00
2.610694250447328812e+01
2.610694250447328812e+01
2.447525859794371073e+01
2.608019358797280418e+01
2.447525859794371073e+01
9.362120775169725517e-01
2.586620225596892553e+01
2.308431493991849237e+01
1.316046691823858517e+01
2.447525859794371073e+01
2.562546200746456293e+01
2.308431493991849237e+01
2.608019358797280418e+01
2.586620225596892553e+01
2.624068708697571140e+01
2.594644900547038091e+01
1.984769604335981796e+01
2.463575209694661794e+01
1.409667899575555872e+01
1.444441491026186242e+00
2.624068708697571140e+01
2.311106385641897987e+01
1.952670904535399998e+01
1.441766599376137847e+01
2.608019358797280418e+01
2.621393817047523100e+01
2.562546200746456293e+01
2.621393817047523100e+01
1.933946662985060527e+01
1.305347125223664406e+01
2.308431493991849237e+01
1.933946662985060527e+01
2.447525859794371073e+01
2.586620225596892553e+01
1.907197746484575518e+01
2.621393817047523100e+01
2.447525859794371073e+01
2.621393817047523100e+01
2.608019358797280418e+01
3.691350477066920543e+00
2.562546200746456293e+01
2.621393817047523100e+01
1.933946662985060527e+01
2.581270442296795764e+01
1.377569199774974074e+01
2.586620225596892553e+01
2.554521525796310755e+01
1.933946662985060527e+01
2.284357469141412622e+01
2.431476509894079996e+01
1.096705576519882097e+00
1.299997341923567618e+01
2.602669575497183629e+01
2.616044033747425956e+01
1.883123721634138903e+01
2.287032360791461727e+01
2.431476509894079996e+01
2.586620225596892553e+01
8.024674950145480046e-02
2.562546200746456293e+01
1.299997341923567618e+01
2.447525859794371073e+01
2.308431493991849237e+01
2.562546200746456293e+01
2.608019358797280418e+01
1.883123721634138903e+01
2.602669575497183629e+01
2.431476509894079996e+01
2.431476509894079996e+01
1.198351459221724902e+01
2.554521525796310755e+01
2.581270442296795764e+01
3.477359145063040335e-01
6.687229125121232354e-01
2.581270442296795764e+01
2.602669575497183629e+01
2.616044033747425956e+01
2.602669575497183629e+01
2.602669575497183629e+01
2.284357469141412622e+01
2.284357469141412622e+01
2.431476509894079996e+01
1.184977000971482397e+01
2.546496850846165216e+01
1.861724588433751038e+01
2.554521525796310755e+01
2.616044033747425956e+01
2.581270442296795764e+01
1.313371800173809945e+01
1.883123721634138903e+01
2.616044033747425956e+01
2.575920658996698620e+01
2.554521525796310755e+01
2.597319792197086485e+01
2.262958335941024757e+01
2.613369142097377562e+01
3.263367813059161016e+00
2.418102051643837669e+01
2.608019358797280418e+01
2.308431493991849237e+01
1.214400809122015801e+01
2.554521525796310755e+01
2.284357469141412622e+01
2.554521525796310755e+01
2.616044033747425956e+01
1.883123721634138903e+01
2.431476509894079996e+01
2.674891650048492886e-02
2.602669575497183629e+01
2.597319792197086485e+01
2.260283444290976362e+01
2.418102051643837669e+01
1.832300780283217634e+01
2.597319792197086485e+01
1.115429818070221479e+01
2.418102051643837669e+01
2.575920658996698620e+01
8.292164115150327808e-01
2.546496850846165216e+01
2.575920658996698620e+01
2.260283444290976362e+01
4.814804970087287472e-01
2.546496850846165216e+01
1.829625888633169239e+01
2.613369142097377562e+01
1.829625888633169239e+01
2.407402485043643736e-01
2.613369142097377562e+01
2.575920658996698620e+01
2.418102051643837669e+01
1.091355793219785220e+01
2.260283444290976362e+01
2.597319792197086485e+01
1.069956660019397177e+01
2.597319792197086485e+01
2.575920658996698620e+01
1.829625888633169239e+01
2.260283444290976362e+01
2.546496850846165216e+01
2.418102051643837669e+01
2.546496850846165216e+01
1.069956660019397177e+01
1.142178734570706311e+01
2.613369142097377562e+01
2.372628893593013188e+01
2.575920658996698620e+01
2.273657902541219578e+00
2.602669575497183629e+01
1.674482172930356683e+01
4.012337475072739190e-01
2.597319792197086485e+01
2.522422825995728957e+01
2.557196417446359149e+01
1.736004680881471884e+01
2.193411153039763661e+01
2.185386478089618478e+01
2.522422825995728957e+01
2.583945333946844158e+01
2.557196417446359149e+01
2.185386478089618478e+01
2.522422825995728957e+01
2.369954001942964794e+01
8.452657614153238796e+00
2.583945333946844158e+01
1.671807281280308288e+01
2.602669575497183629e+01
1.872424155033945159e-01
2.369954001942964794e+01
2.557196417446359149e+01
2.185386478089618478e+01
2.602669575497183629e+01
2.583945333946844158e+01
1.671807281280308288e+01
8.024674950145480046e-02
2.369954001942964794e+01
2.522422825995728957e+01
2.554521525796310755e+01
2.583945333946844158e+01
2.554521525796310755e+01
2.554521525796310755e+01
2.557196417446359149e+01
7.275705288131900872e+00
2.557196417446359149e+01
2.522422825995728957e+01
2.538472175896019323e+01
2.185386478089618478e+01
2.602669575497183629e+01
6.927969373625596283e+00
2.554521525796310755e+01
2.538472175896019323e+01
2.538472175896019323e+01
2.538472175896019323e+01
2.554521525796310755e+01
2.554521525796310755e+01
2.538472175896019323e+01
2.530447500945874140e+01
2.530447500945874140e+01
2.455550534744516611e+01
2.455550534744516611e+01
1.904522854834526768e+01
2.530447500945874140e+01
2.634768275297765427e+01
2.634768275297765427e+01
2.455550534744516611e+01
2.608019358797280418e+01
6.767475874622687293e+00
2.642792950247910611e+01
2.236209419440540103e+01
2.624068708697571140e+01
2.236209419440540103e+01
2.608019358797280418e+01
2.236209419440540103e+01
2.642792950247910611e+01
2.624068708697571140e+01
2.642792950247910611e+01
6.205748628112503162e+00
1.896498179884381585e+01
2.455550534744516611e+01
2.608019358797280418e+01
2.634768275297765427e+01
1.896498179884381585e+01
5.403281133097956435e+00
2.634768275297765427e+01
2.642792950247910611e+01
2.608019358797280418e+01
4.734558220585832977e+00
1.896498179884381585e+01
2.624068708697571140e+01
2.236209419440540103e+01
2.608019358797280418e+01
2.212135394590103488e+01
2.602669575497183629e+01
8.960887027662451487e+00
2.624068708697571140e+01
2.634768275297765427e+01
2.618718925397474706e+01
2.209460502940055093e+01
2.444850968144322323e+01
2.632093383647717033e+01
2.640118058597862571e+01
2.209460502940055093e+01
4.092584224574194351e+00
2.632093383647717033e+01
2.602669575497183629e+01
2.444850968144322323e+01
2.618718925397474706e+01
2.640118058597862571e+01
2.209460502940055093e+01
2.618718925397474706e+01
2.602669575497183629e+01
1.851025021833556750e+01
5.804514880605229799e+00
2.640118058597862571e+01
2.618718925397474706e+01
5.162540884593591173e+00
2.618718925397474706e+01
2.632093383647717033e+01
2.444850968144322323e+01
1.851025021833556750e+01
2.209460502940055093e+01
3.263367813059161016e+00
2.632093383647717033e+01
2.640118058597862571e+01
2.209460502940055093e+01
2.444850968144322323e+01
1.851025021833556750e+01
1.851025021833556750e+01
2.602669575497183629e+01
1.663782606330162750e+01
2.297731927391655304e+01
1.754728922431811355e+01
2.567895984046553082e+01
2.509048367745486274e+01
2.410077376693692131e+01
1.966045362785642325e+01
2.656167408498153293e+01
2.637443166947814177e+01
2.578595550646747014e+01
2.653492516848104898e+01
2.656167408498153293e+01
2.554521525796310755e+01
2.658842300148202042e+01
2.554521525796310755e+01
2.653492516848104898e+01
2.656167408498153293e+01
2.661517191798250082e+01
2.554521525796310755e+01
2.386003351843255516e+01
2.648142733548008110e+01
2.254933660990879574e+01
2.460900318044613400e+01
1.754728922431811355e+01
2.648142733548008110e+01
2.645467841897959360e+01
2.650817625198056859e+01
1.530038023827737881e+01
1.671807281280308288e+01
2.369954001942964794e+01
2.484974342895050370e+01
2.581270442296795764e+01
2.236209419440540103e+01
2.562546200746456293e+01
2.418102051643837669e+01
2.463575209694661794e+01
4.172830974075647958e+00
1.883123721634138903e+01
2.575920658996698620e+01
2.369954001942964794e+01
2.332505518842285852e+01
1.872424155033945103e+00
1.998144062586224479e+01
2.634768275297765427e+01
2.463575209694661794e+01
2.632093383647717033e+01
2.134563536738697209e+01
2.476949667944904476e+01
1.471190407526671073e+00
6.473237793117352368e+00
2.583945333946844158e+01
1.623659231579435058e+01
2.581270442296795764e+01
2.059666570537339325e+01
2.626743600347619889e+01
2.581270442296795764e+01
2.581270442296795764e+01
2.616044033747425956e+01
2.594644900547038091e+01
2.621393817047523100e+01
2.610694250447328812e+01
2.484974342895050370e+01
4.199579890576133678e+00
2.557196417446359149e+01
2.642792950247910611e+01
1.864399480083799432e+01
7.355952037633356255e+00
1.792177405532490386e+00
2.137238428388745959e+01
2.509048367745486274e+01
2.658842300148202042e+01
2.567895984046553082e+01
2.656167408498153293e+01
2.640118058597862571e+01
2.669541866748396330e+01
2.567895984046553082e+01
2.567895984046553082e+01
2.658842300148202042e+01
2.658842300148202042e+01
2.198760936339861161e+01
2.567895984046553082e+01
2.669541866748396330e+01
2.198760936339861161e+01
2.669541866748396330e+01
2.658842300148202042e+01
2.669541866748396330e+01
2.487649234545098764e+01
2.567895984046553082e+01
2.669541866748396330e+01
2.658842300148202042e+01
2.621393817047523100e+01
2.487649234545098764e+01
2.669541866748396330e+01
2.621393817047523100e+01
2.669541866748396330e+01
2.621393817047523100e+01
2.487649234545098764e+01
2.487649234545098764e+01
2.658842300148202042e+01
2.487649234545098764e+01
2.621393817047523100e+01
2.669541866748396330e+01
2.669541866748396330e+01
2.669541866748396330e+01
2.198760936339861161e+01
2.487649234545098764e+01
2.669541866748396330e+01
2.669541866748396330e+01
2.198760936339861161e+01
2.567895984046553082e+01
2.567895984046553082e+01
2.621393817047523100e+01
2.198760936339861161e+01
2.198760936339861161e+01
2.658842300148202042e+01
2.621393817047523100e+01
2.626743600347619889e+01
1.671807281280308288e+01
2.591970008896989341e+01
2.246908986040733858e+00
2.610694250447328812e+01
5.349783300096986327e-01
2.332505518842285852e+01
2.602669575497183629e+01
1.896498179884381585e+01
1.802876972132684230e+01
2.608019358797280418e+01
2.407402485043643736e+01
2.444850968144322323e+01
2.602669575497183629e+01
2.369954001942964794e+01
2.517073042695631813e+01
2.629418491997668639e+01
7.917679284143538609e+00
0.000000000000000000e+00
2.624068708697571140e+01
2.418102051643837669e+01
2.332505518842285852e+01
2.613369142097377562e+01
1.802876972132684230e+01
2.260283444290976362e+01
2.369954001942964794e+01
2.624068708697571140e+01
2.284357469141412622e+01
2.637443166947814177e+01
1.586210748478756294e+01
1.513988673927446982e+01
2.632093383647717033e+01
2.530447500945874140e+01
2.134563536738697209e+01
2.567895984046553082e+01
2.581270442296795764e+01
2.035592545686903421e+01
2.626743600347619889e+01
2.583945333946844158e+01
2.591970008896989341e+01
2.575920658996698620e+01
2.629418491997668639e+01
1.709255764380987230e+01
2.602669575497183629e+01
2.546496850846165216e+01
2.637443166947814177e+01
2.134563536738697209e+01
2.594644900547038091e+01
2.586620225596892553e+01
1.757403814081859750e+01
2.613369142097377562e+01
1.564811615278368073e+01
2.616044033747425956e+01
2.567895984046553082e+01
1.184977000971482397e+01
2.538472175896019323e+01
1.511313782277398410e+01
4.279826640077589062e+00
2.626743600347619889e+01
2.484974342895050370e+01
2.616044033747425956e+01
2.613369142097377562e+01
2.642792950247910611e+01
2.634768275297765427e+01
2.407402485043643736e+01
2.602669575497183629e+01
2.455550534744516611e+01
2.356579543692722112e+01
2.455550534744516611e+01
2.602669575497183629e+01
2.509048367745486274e+01
2.418102051643837669e+01
9.629609940174574945e+00
2.674891650048492886e-02
2.530447500945874140e+01
2.626743600347619889e+01
2.583945333946844158e+01
1.933946662985060527e+01
2.530447500945874140e+01
2.599994683847135235e+01
2.637443166947814177e+01
2.161312453239182574e+01
2.567895984046553082e+01
2.640118058597862571e+01
2.637443166947814177e+01
1.283947992023276807e+00
1.709255764380987230e+01
2.624068708697571140e+01
2.613369142097377562e+01
1.829625888633169239e+01
2.640118058597862571e+01
2.185386478089618478e+01
8.345661948151295917e+00
2.624068708697571140e+01
2.236209419440540103e+01
2.035592545686903421e+01
2.626743600347619889e+01
2.509048367745486274e+01
2.610694250447328812e+01
2.602669575497183629e+01
2.407402485043643736e+01
2.517073042695631813e+01
2.626743600347619889e+01
7.757185785140628731e+00
2.431476509894079996e+01
2.522422825995728957e+01
2.616044033747425956e+01
2.581270442296795764e+01
2.613369142097377562e+01
2.610694250447328812e+01
2.624068708697571140e+01
2.624068708697571140e+01
2.220160069540249026e+00
2.567895984046553082e+01
