6.919999999999999485e-01
9.090000000000000302e-01
8.920000000000000151e-01
8.760000000000000009e-01
8.589999999999999858e-01
8.429999999999999716e-01
8.100000000000000533e-01
7.600000000000000089e-01
8.259999999999999565e-01
6.039999999999999813e-01
3.980000000000000204e-01
5.859999999999999654e-01
4.299999999999999933e-01
3.380000000000000226e-01
7.259999999999999787e-01
5.500000000000000444e-01
9.699999999999999734e-01
9.849999999999999867e-01
9.449999999999999512e-01
9.699999999999999734e-01
9.849999999999999867e-01
9.449999999999999512e-01
8.589999999999999858e-01
9.699999999999999734e-01
9.849999999999999867e-01
8.589999999999999858e-01
9.659999999999999698e-01
9.829999999999999849e-01
9.449999999999999512e-01
9.699999999999999734e-01
8.449999999999999734e-01
9.449999999999999512e-01
8.589999999999999858e-01
8.589999999999999858e-01
9.849999999999999867e-01
9.699999999999999734e-01
8.589999999999999858e-01
9.699999999999999734e-01
9.449999999999999512e-01
9.849999999999999867e-01
9.449999999999999512e-01
8.449999999999999734e-01
8.449999999999999734e-01
9.849999999999999867e-01
9.659999999999999698e-01
9.389999999999999458e-01
9.389999999999999458e-01
9.659999999999999698e-01
9.389999999999999458e-01
9.659999999999999698e-01
9.659999999999999698e-01
9.389999999999999458e-01
8.449999999999999734e-01
9.829999999999999849e-01
8.449999999999999734e-01
8.449999999999999734e-01
9.240000000000000435e-01
9.659999999999999698e-01
9.389999999999999458e-01
9.829999999999999849e-01
9.569999999999999618e-01
9.829999999999999849e-01
8.100000000000000533e-01
9.829999999999999849e-01
9.240000000000000435e-01
9.090000000000000302e-01
9.829999999999999849e-01
9.389999999999999458e-01
9.739999999999999769e-01
9.569999999999999618e-01
8.100000000000000533e-01
9.779999999999999805e-01
9.240000000000000435e-01
8.100000000000000533e-01
9.569999999999999618e-01
9.240000000000000435e-01
9.779999999999999805e-01
8.100000000000000533e-01
8.100000000000000533e-01
7.730000000000000204e-01
7.730000000000000204e-01
9.779999999999999805e-01
9.240000000000000435e-01
9.779999999999999805e-01
9.739999999999999769e-01
9.779999999999999805e-01
9.569999999999999618e-01
7.730000000000000204e-01
8.100000000000000533e-01
9.739999999999999769e-01
9.090000000000000302e-01
9.979999999999999982e-01
9.949999999999999956e-01
9.979999999999999982e-01
9.569999999999999618e-01
9.479999999999999538e-01
9.479999999999999538e-01
9.979999999999999982e-01
9.979999999999999982e-01
9.479999999999999538e-01
7.730000000000000204e-01
9.240000000000000435e-01
9.979999999999999982e-01
7.730000000000000204e-01
9.779999999999999805e-01
7.730000000000000204e-01
9.949999999999999956e-01
9.979999999999999982e-01
9.989999999999999991e-01
9.989999999999999991e-01
9.479999999999999538e-01
9.569999999999999618e-01
9.090000000000000302e-01
9.479999999999999538e-01
9.979999999999999982e-01
9.739999999999999769e-01
9.739999999999999769e-01
9.949999999999999956e-01
9.979999999999999982e-01
9.989999999999999991e-01
9.979999999999999982e-01
9.989999999999999991e-01
9.949999999999999956e-01
9.929999999999999938e-01
9.979999999999999982e-01
8.760000000000000009e-01
9.090000000000000302e-01
9.090000000000000302e-01
9.989999999999999991e-01
9.689999999999999725e-01
9.949999999999999956e-01
9.929999999999999938e-01
9.379999999999999449e-01
8.920000000000000151e-01
9.919999999999999929e-01
9.479999999999999538e-01
9.739999999999999769e-01
9.979999999999999982e-01
9.979999999999999982e-01
9.989999999999999991e-01
9.290000000000000480e-01
9.979999999999999982e-01
9.949999999999999956e-01
9.979999999999999982e-01
9.979999999999999982e-01
9.949999999999999956e-01
9.949999999999999956e-01
9.979999999999999982e-01
9.979999999999999982e-01
9.949999999999999956e-01
9.979999999999999982e-01
9.909999999999999920e-01
9.909999999999999920e-01
9.949999999999999956e-01
9.889999999999999902e-01
9.899999999999999911e-01
9.979999999999999982e-01
9.899999999999999911e-01
7.349999999999999867e-01
9.949999999999999956e-01
9.979999999999999982e-01
9.939999999999999947e-01
7.349999999999999867e-01
9.290000000000000480e-01
9.979999999999999982e-01
9.939999999999999947e-01
9.979999999999999982e-01
9.949999999999999956e-01
6.959999999999999520e-01
9.889999999999999902e-01
9.639999999999999680e-01
8.920000000000000151e-01
9.929999999999999938e-01
9.899999999999999911e-01
9.979999999999999982e-01
9.290000000000000480e-01
6.590000000000000302e-01
9.899999999999999911e-01
8.589999999999999858e-01
9.979999999999999982e-01
9.949999999999999956e-01
9.919999999999999929e-01
9.919999999999999929e-01
9.949999999999999956e-01
8.589999999999999858e-01
9.889999999999999902e-01
9.909999999999999920e-01
9.949999999999999956e-01
9.379999999999999449e-01
8.920000000000000151e-01
8.760000000000000009e-01
9.290000000000000480e-01
9.929999999999999938e-01
9.979999999999999982e-01
8.589999999999999858e-01
9.909999999999999920e-01
9.639999999999999680e-01
9.929999999999999938e-01
9.200000000000000400e-01
6.959999999999999520e-01
9.939999999999999947e-01
6.959999999999999520e-01
9.949999999999999956e-01
6.560000000000000275e-01
9.639999999999999680e-01
9.200000000000000400e-01
9.869999999999999885e-01
9.939999999999999947e-01
9.599999999999999645e-01
9.599999999999999645e-01
9.859999999999999876e-01
9.919999999999999929e-01
9.110000000000000320e-01
9.899999999999999911e-01
9.919999999999999929e-01
9.909999999999999920e-01
9.859999999999999876e-01
9.889999999999999902e-01
9.879999999999999893e-01
8.429999999999999716e-01
9.919999999999999929e-01
9.599999999999999645e-01
8.760000000000000009e-01
9.919999999999999929e-01
9.889999999999999902e-01
9.110000000000000320e-01
9.929999999999999938e-01
8.429999999999999716e-01
9.549999999999999600e-01
9.200000000000000400e-01
9.929999999999999938e-01
9.499999999999999556e-01
9.919999999999999929e-01
9.919999999999999929e-01
9.849999999999999867e-01
9.110000000000000320e-01
8.429999999999999716e-01
6.199999999999999956e-01
8.429999999999999716e-01
9.929999999999999938e-01
9.939999999999999947e-01
6.560000000000000275e-01
9.499999999999999556e-01
9.869999999999999885e-01
9.549999999999999600e-01
6.149999999999999911e-01
9.909999999999999920e-01
9.899999999999999911e-01
9.859999999999999876e-01
9.889999999999999902e-01
8.259999999999999565e-01
9.859999999999999876e-01
6.149999999999999911e-01
5.829999999999999627e-01
9.010000000000000231e-01
9.110000000000000320e-01
9.929999999999999938e-01
9.849999999999999867e-01
9.929999999999999938e-01
9.929999999999999938e-01
9.979999999999999982e-01
9.379999999999999449e-01
9.689999999999999725e-01
9.939999999999999947e-01
9.899999999999999911e-01
9.939999999999999947e-01
9.949999999999999956e-01
9.379999999999999449e-01
9.919999999999999929e-01
9.899999999999999911e-01
9.689999999999999725e-01
7.349999999999999867e-01
7.349999999999999867e-01
9.949999999999999956e-01
9.919999999999999929e-01
9.919999999999999929e-01
9.939999999999999947e-01
9.689999999999999725e-01
9.919999999999999929e-01
9.949999999999999956e-01
9.689999999999999725e-01
7.349999999999999867e-01
9.889999999999999902e-01
9.949999999999999956e-01
8.920000000000000151e-01
9.290000000000000480e-01
6.969999999999999529e-01
9.689999999999999725e-01
9.899999999999999911e-01
9.949999999999999956e-01
8.760000000000000009e-01
9.939999999999999947e-01
6.959999999999999520e-01
8.760000000000000009e-01
9.889999999999999902e-01
9.639999999999999680e-01
9.949999999999999956e-01
6.959999999999999520e-01
9.290000000000000480e-01
9.909999999999999920e-01
9.889999999999999902e-01
9.639999999999999680e-01
9.929999999999999938e-01
9.949999999999999956e-01
6.560000000000000275e-01
9.869999999999999885e-01
9.869999999999999885e-01
8.589999999999999858e-01
9.869999999999999885e-01
9.200000000000000400e-01
9.899999999999999911e-01
9.599999999999999645e-01
9.919999999999999929e-01
9.200000000000000400e-01
9.549999999999999600e-01
9.939999999999999947e-01
8.589999999999999858e-01
6.149999999999999911e-01
9.110000000000000320e-01
9.889999999999999902e-01
6.149999999999999911e-01
9.929999999999999938e-01
9.929999999999999938e-01
6.149999999999999911e-01
9.919999999999999929e-01
9.110000000000000320e-01
9.919999999999999929e-01
9.889999999999999902e-01
9.859999999999999876e-01
9.929999999999999938e-01
9.879999999999999893e-01
5.610000000000000542e-01
4.979999999999999982e-01
6.740000000000000435e-01
5.679999999999999494e-01
6.390000000000000124e-01
7.930000000000000382e-01
5.330000000000000293e-01
4.630000000000000226e-01
7.089999999999999636e-01
7.429999999999999938e-01
9.090000000000000302e-01
9.439999999999999503e-01
8.179999999999999494e-01
9.090000000000000302e-01
9.829999999999999849e-01
6.810000000000000497e-01
9.869999999999999885e-01
9.719999999999999751e-01
8.169999999999999485e-01
2.119999999999999940e-01
9.719999999999999751e-01
1.839999999999999969e-01
9.829999999999999849e-01
9.439999999999999503e-01
9.779999999999999805e-01
9.869999999999999885e-01
9.719999999999999751e-01
9.779999999999999805e-01
9.439999999999999503e-01
1.590000000000000024e-01
8.169999999999999485e-01
6.740000000000000435e-01
9.090000000000000302e-01
9.829999999999999849e-01
9.779999999999999805e-01
9.719999999999999751e-01
9.869999999999999885e-01
9.829999999999999849e-01
1.140000000000000041e-01
8.169999999999999485e-01
9.779999999999999805e-01
6.740000000000000435e-01
9.439999999999999503e-01
9.439999999999999503e-01
9.869999999999999885e-01
8.169999999999999485e-01
9.090000000000000302e-01
9.779999999999999805e-01
9.779999999999999805e-01
9.719999999999999751e-01
8.169999999999999485e-01
9.869999999999999885e-01
9.829999999999999849e-01
9.439999999999999503e-01
9.090000000000000302e-01
9.719999999999999751e-01
9.829999999999999849e-01
6.660000000000000364e-01
9.699999999999999734e-01
8.080000000000000515e-01
9.040000000000000258e-01
9.769999999999999796e-01
8.080000000000000515e-01
9.819999999999999840e-01
9.699999999999999734e-01
6.570000000000000284e-01
1.849999999999999978e-01
9.040000000000000258e-01
6.570000000000000284e-01
9.040000000000000258e-01
9.699999999999999734e-01
9.409999999999999476e-01
9.859999999999999876e-01
9.409999999999999476e-01
9.769999999999999796e-01
9.819999999999999840e-01
1.300000000000000044e-01
8.080000000000000515e-01
6.570000000000000284e-01
9.040000000000000258e-01
9.409999999999999476e-01
8.080000000000000515e-01
9.699999999999999734e-01
6.510000000000000231e-01
9.409999999999999476e-01
9.859999999999999876e-01
9.769999999999999796e-01
8.080000000000000515e-01
9.000000000000000222e-01
2.700000000000000178e-01
6.570000000000000284e-01
9.699999999999999734e-01
9.379999999999999449e-01
9.379999999999999449e-01
9.000000000000000222e-01
9.000000000000000222e-01
9.379999999999999449e-01
9.809999999999999831e-01
7.980000000000000426e-01
1.310000000000000053e-01
9.759999999999999787e-01
9.849999999999999867e-01
9.689999999999999725e-01
9.849999999999999867e-01
1.059999999999999970e-01
9.379999999999999449e-01
9.759999999999999787e-01
9.849999999999999867e-01
9.689999999999999725e-01
2.349999999999999867e-01
9.809999999999999831e-01
6.390000000000000124e-01
9.759999999999999787e-01
9.809999999999999831e-01
6.199999999999999956e-02
9.689999999999999725e-01
7.980000000000000426e-01
9.689999999999999725e-01
9.759999999999999787e-01
6.390000000000000124e-01
9.799999999999999822e-01
9.849999999999999867e-01
9.320000000000000506e-01
7.820000000000000284e-01
9.849999999999999867e-01
9.739999999999999769e-01
6.209999999999999964e-01
8.910000000000000142e-01
3.400000000000000244e-02
8.860000000000000098e-01
5.849999999999999645e-01
7.730000000000000204e-01
2.190000000000000002e-01
9.789999999999999813e-01
5.700000000000000205e-02
7.700000000000000178e-01
1.049999999999999961e-01
9.789999999999999813e-01
7.900000000000000078e-02
9.290000000000000480e-01
9.829999999999999849e-01
9.789999999999999813e-01
9.829999999999999849e-01
8.860000000000000098e-01
9.290000000000000480e-01
5.849999999999999645e-01
5.849999999999999645e-01
7.700000000000000178e-01
9.789999999999999813e-01
7.700000000000000178e-01
8.860000000000000098e-01
9.290000000000000480e-01
2.199999999999999872e-02
7.700000000000000178e-01
9.729999999999999760e-01
9.829999999999999849e-01
8.860000000000000098e-01
9.789999999999999813e-01
9.729999999999999760e-01
9.649999999999999689e-01
3.000000000000000062e-03
9.729999999999999760e-01
9.649999999999999689e-01
9.829999999999999849e-01
9.629999999999999671e-01
9.719999999999999751e-01
2.049999999999999878e-01
9.789999999999999813e-01
9.779999999999999805e-01
9.819999999999999840e-01
8.820000000000000062e-01
9.260000000000000453e-01
7.640000000000000124e-01
9.819999999999999840e-01
9.629999999999999671e-01
9.199999999999999845e-02
9.779999999999999805e-01
4.700000000000000011e-02
9.629999999999999671e-01
9.719999999999999751e-01
8.810000000000000053e-01
5.659999999999999476e-01
9.260000000000000453e-01
9.719999999999999751e-01
9.260000000000000453e-01
7.610000000000000098e-01
8.810000000000000053e-01
5.659999999999999476e-01
9.779999999999999805e-01
7.610000000000000098e-01
5.659999999999999476e-01
9.719999999999999751e-01
1.499999999999999944e-02
9.260000000000000453e-01
8.810000000000000053e-01
9.719999999999999751e-01
8.810000000000000053e-01
9.260000000000000453e-01
9.819999999999999840e-01
7.419999999999999929e-01
8.729999999999999982e-01
1.789999999999999925e-01
7.610000000000000098e-01
9.629999999999999671e-01
7.419999999999999929e-01
7.419999999999999929e-01
9.699999999999999734e-01
9.809999999999999831e-01
9.809999999999999831e-01
5.290000000000000258e-01
9.699999999999999734e-01
9.210000000000000409e-01
3.099999999999999978e-02
9.699999999999999734e-01
8.719999999999999973e-01
9.210000000000000409e-01
9.759999999999999787e-01
5.280000000000000249e-01
9.599999999999999645e-01
9.759999999999999787e-01
9.210000000000000409e-01
5.270000000000000240e-01
8.719999999999999973e-01
9.599999999999999645e-01
9.809999999999999831e-01
7.419999999999999929e-01
9.699999999999999734e-01
6.000000000000000125e-03
0.000000000000000000e+00
9.759999999999999787e-01
9.759999999999999787e-01
9.150000000000000355e-01
9.749999999999999778e-01
9.150000000000000355e-01
3.500000000000000333e-02
9.669999999999999707e-01
8.629999999999999893e-01
4.919999999999999929e-01
9.150000000000000355e-01
9.579999999999999627e-01
8.629999999999999893e-01
9.749999999999999778e-01
9.669999999999999707e-01
9.809999999999999831e-01
9.699999999999999734e-01
7.419999999999999929e-01
9.210000000000000409e-01
5.270000000000000240e-01
5.399999999999999939e-02
9.809999999999999831e-01
8.639999999999999902e-01
7.299999999999999822e-01
5.390000000000000346e-01
9.749999999999999778e-01
9.799999999999999822e-01
9.579999999999999627e-01
9.799999999999999822e-01
7.229999999999999760e-01
4.879999999999999893e-01
8.629999999999999893e-01
7.229999999999999760e-01
9.150000000000000355e-01
9.669999999999999707e-01
7.129999999999999671e-01
9.799999999999999822e-01
9.150000000000000355e-01
9.799999999999999822e-01
9.749999999999999778e-01
1.380000000000000115e-01
9.579999999999999627e-01
9.799999999999999822e-01
7.229999999999999760e-01
9.649999999999999689e-01
5.150000000000000133e-01
9.669999999999999707e-01
9.549999999999999600e-01
7.229999999999999760e-01
8.539999999999999813e-01
9.090000000000000302e-01
4.100000000000000172e-02
4.859999999999999876e-01
9.729999999999999760e-01
9.779999999999999805e-01
7.039999999999999591e-01
8.549999999999999822e-01
9.090000000000000302e-01
9.669999999999999707e-01
3.000000000000000062e-03
9.579999999999999627e-01
4.859999999999999876e-01
9.150000000000000355e-01
8.629999999999999893e-01
9.579999999999999627e-01
9.749999999999999778e-01
7.039999999999999591e-01
9.729999999999999760e-01
9.090000000000000302e-01
9.090000000000000302e-01
4.480000000000000093e-01
9.549999999999999600e-01
9.649999999999999689e-01
1.299999999999999940e-02
2.500000000000000139e-02
9.649999999999999689e-01
9.729999999999999760e-01
9.779999999999999805e-01
9.729999999999999760e-01
9.729999999999999760e-01
8.539999999999999813e-01
8.539999999999999813e-01
9.090000000000000302e-01
4.430000000000000049e-01
9.519999999999999574e-01
6.959999999999999520e-01
9.549999999999999600e-01
9.779999999999999805e-01
9.649999999999999689e-01
4.909999999999999920e-01
7.039999999999999591e-01
9.779999999999999805e-01
9.629999999999999671e-01
9.549999999999999600e-01
9.709999999999999742e-01
8.459999999999999742e-01
9.769999999999999796e-01
1.219999999999999973e-01
9.040000000000000258e-01
9.749999999999999778e-01
8.629999999999999893e-01
4.540000000000000147e-01
9.549999999999999600e-01
8.539999999999999813e-01
9.549999999999999600e-01
9.779999999999999805e-01
7.039999999999999591e-01
9.090000000000000302e-01
1.000000000000000021e-03
9.729999999999999760e-01
9.709999999999999742e-01
8.449999999999999734e-01
9.040000000000000258e-01
6.850000000000000533e-01
9.709999999999999742e-01
4.169999999999999818e-01
9.040000000000000258e-01
9.629999999999999671e-01
3.099999999999999978e-02
9.519999999999999574e-01
9.629999999999999671e-01
8.449999999999999734e-01
1.799999999999999864e-02
9.519999999999999574e-01
6.840000000000000524e-01
9.769999999999999796e-01
6.840000000000000524e-01
8.999999999999999320e-03
9.769999999999999796e-01
9.629999999999999671e-01
9.040000000000000258e-01
4.079999999999999738e-01
8.449999999999999734e-01
9.709999999999999742e-01
4.000000000000000222e-01
9.709999999999999742e-01
9.629999999999999671e-01
6.840000000000000524e-01
8.449999999999999734e-01
9.519999999999999574e-01
9.040000000000000258e-01
9.519999999999999574e-01
4.000000000000000222e-01
4.269999999999999907e-01
9.769999999999999796e-01
8.870000000000000107e-01
9.629999999999999671e-01
8.500000000000000611e-02
9.729999999999999760e-01
6.260000000000000009e-01
1.499999999999999944e-02
9.709999999999999742e-01
9.429999999999999494e-01
9.559999999999999609e-01
6.490000000000000213e-01
8.199999999999999512e-01
8.169999999999999485e-01
9.429999999999999494e-01
9.659999999999999698e-01
9.559999999999999609e-01
8.169999999999999485e-01
9.429999999999999494e-01
8.860000000000000098e-01
3.160000000000000031e-01
9.659999999999999698e-01
6.250000000000000000e-01
9.729999999999999760e-01
7.000000000000000146e-03
8.860000000000000098e-01
9.559999999999999609e-01
8.169999999999999485e-01
9.729999999999999760e-01
9.659999999999999698e-01
6.250000000000000000e-01
3.000000000000000062e-03
8.860000000000000098e-01
9.429999999999999494e-01
9.549999999999999600e-01
9.659999999999999698e-01
9.549999999999999600e-01
9.549999999999999600e-01
9.559999999999999609e-01
2.720000000000000195e-01
9.559999999999999609e-01
9.429999999999999494e-01
9.489999999999999547e-01
8.169999999999999485e-01
9.729999999999999760e-01
2.590000000000000080e-01
9.549999999999999600e-01
9.489999999999999547e-01
9.489999999999999547e-01
9.489999999999999547e-01
9.549999999999999600e-01
9.549999999999999600e-01
9.489999999999999547e-01
9.459999999999999520e-01
9.459999999999999520e-01
9.180000000000000382e-01
9.180000000000000382e-01
7.119999999999999662e-01
9.459999999999999520e-01
9.849999999999999867e-01
9.849999999999999867e-01
9.180000000000000382e-01
9.749999999999999778e-01
2.530000000000000027e-01
9.879999999999999893e-01
8.359999999999999654e-01
9.809999999999999831e-01
8.359999999999999654e-01
9.749999999999999778e-01
8.359999999999999654e-01
9.879999999999999893e-01
9.809999999999999831e-01
9.879999999999999893e-01
2.320000000000000118e-01
7.089999999999999636e-01
9.180000000000000382e-01
9.749999999999999778e-01
9.849999999999999867e-01
7.089999999999999636e-01
2.020000000000000129e-01
9.849999999999999867e-01
9.879999999999999893e-01
9.749999999999999778e-01
1.769999999999999907e-01
7.089999999999999636e-01
9.809999999999999831e-01
8.359999999999999654e-01
9.749999999999999778e-01
8.269999999999999574e-01
9.729999999999999760e-01
3.350000000000000200e-01
9.809999999999999831e-01
9.849999999999999867e-01
9.789999999999999813e-01
8.259999999999999565e-01
9.140000000000000346e-01
9.839999999999999858e-01
9.869999999999999885e-01
8.259999999999999565e-01
1.529999999999999971e-01
9.839999999999999858e-01
9.729999999999999760e-01
9.140000000000000346e-01
9.789999999999999813e-01
9.869999999999999885e-01
8.259999999999999565e-01
9.789999999999999813e-01
9.729999999999999760e-01
6.919999999999999485e-01
2.169999999999999984e-01
9.869999999999999885e-01
9.789999999999999813e-01
1.930000000000000049e-01
9.789999999999999813e-01
9.839999999999999858e-01
9.140000000000000346e-01
6.919999999999999485e-01
8.259999999999999565e-01
1.219999999999999973e-01
9.839999999999999858e-01
9.869999999999999885e-01
8.259999999999999565e-01
9.140000000000000346e-01
6.919999999999999485e-01
6.919999999999999485e-01
9.729999999999999760e-01
6.219999999999999973e-01
8.589999999999999858e-01
6.560000000000000275e-01
9.599999999999999645e-01
9.379999999999999449e-01
9.010000000000000231e-01
7.349999999999999867e-01
9.929999999999999938e-01
9.859999999999999876e-01
9.639999999999999680e-01
9.919999999999999929e-01
9.929999999999999938e-01
9.549999999999999600e-01
9.939999999999999947e-01
9.549999999999999600e-01
9.919999999999999929e-01
9.929999999999999938e-01
9.949999999999999956e-01
9.549999999999999600e-01
8.920000000000000151e-01
9.899999999999999911e-01
8.429999999999999716e-01
9.200000000000000400e-01
6.560000000000000275e-01
9.899999999999999911e-01
9.889999999999999902e-01
9.909999999999999920e-01
5.719999999999999529e-01
6.250000000000000000e-01
8.860000000000000098e-01
9.290000000000000480e-01
9.649999999999999689e-01
8.359999999999999654e-01
9.579999999999999627e-01
9.040000000000000258e-01
9.210000000000000409e-01
1.559999999999999998e-01
7.039999999999999591e-01
9.629999999999999671e-01
8.860000000000000098e-01
8.719999999999999973e-01
7.000000000000000666e-02
7.469999999999999973e-01
9.849999999999999867e-01
9.210000000000000409e-01
9.839999999999999858e-01
7.980000000000000426e-01
9.260000000000000453e-01
5.500000000000000028e-02
2.419999999999999929e-01
9.659999999999999698e-01
6.069999999999999840e-01
9.649999999999999689e-01
7.700000000000000178e-01
9.819999999999999840e-01
9.649999999999999689e-01
9.649999999999999689e-01
9.779999999999999805e-01
9.699999999999999734e-01
9.799999999999999822e-01
9.759999999999999787e-01
9.290000000000000480e-01
1.570000000000000007e-01
9.559999999999999609e-01
9.879999999999999893e-01
6.969999999999999529e-01
2.750000000000000222e-01
6.700000000000000400e-02
7.990000000000000435e-01
9.379999999999999449e-01
9.939999999999999947e-01
9.599999999999999645e-01
9.929999999999999938e-01
9.869999999999999885e-01
9.979999999999999982e-01
9.599999999999999645e-01
9.599999999999999645e-01
9.939999999999999947e-01
9.939999999999999947e-01
8.219999999999999529e-01
9.599999999999999645e-01
9.979999999999999982e-01
8.219999999999999529e-01
9.979999999999999982e-01
9.939999999999999947e-01
9.979999999999999982e-01
9.300000000000000488e-01
9.599999999999999645e-01
9.979999999999999982e-01
9.939999999999999947e-01
9.799999999999999822e-01
9.300000000000000488e-01
9.979999999999999982e-01
9.799999999999999822e-01
9.979999999999999982e-01
9.799999999999999822e-01
9.300000000000000488e-01
9.300000000000000488e-01
9.939999999999999947e-01
9.300000000000000488e-01
9.799999999999999822e-01
9.979999999999999982e-01
9.979999999999999982e-01
9.979999999999999982e-01
8.219999999999999529e-01
9.300000000000000488e-01
9.979999999999999982e-01
9.979999999999999982e-01
8.219999999999999529e-01
9.599999999999999645e-01
9.599999999999999645e-01
9.799999999999999822e-01
8.219999999999999529e-01
8.219999999999999529e-01
9.939999999999999947e-01
9.799999999999999822e-01
9.819999999999999840e-01
6.250000000000000000e-01
9.689999999999999725e-01
8.400000000000000522e-02
9.759999999999999787e-01
2.000000000000000042e-02
8.719999999999999973e-01
9.729999999999999760e-01
7.089999999999999636e-01
6.740000000000000435e-01
9.749999999999999778e-01
9.000000000000000222e-01
9.140000000000000346e-01
9.729999999999999760e-01
8.860000000000000098e-01
9.409999999999999476e-01
9.829999999999999849e-01
2.959999999999999853e-01
0.000000000000000000e+00
9.809999999999999831e-01
9.040000000000000258e-01
8.719999999999999973e-01
9.769999999999999796e-01
6.740000000000000435e-01
8.449999999999999734e-01
8.860000000000000098e-01
9.809999999999999831e-01
8.539999999999999813e-01
9.859999999999999876e-01
5.929999999999999716e-01
5.659999999999999476e-01
9.839999999999999858e-01
9.459999999999999520e-01
7.980000000000000426e-01
9.599999999999999645e-01
9.649999999999999689e-01
7.610000000000000098e-01
9.819999999999999840e-01
9.659999999999999698e-01
9.689999999999999725e-01
9.629999999999999671e-01
9.829999999999999849e-01
6.390000000000000124e-01
9.729999999999999760e-01
9.519999999999999574e-01
9.859999999999999876e-01
7.980000000000000426e-01
9.699999999999999734e-01
9.669999999999999707e-01
6.570000000000000284e-01
9.769999999999999796e-01
5.849999999999999645e-01
9.779999999999999805e-01
9.599999999999999645e-01
4.430000000000000049e-01
9.489999999999999547e-01
5.649999999999999467e-01
1.600000000000000033e-01
9.819999999999999840e-01
9.290000000000000480e-01
9.779999999999999805e-01
9.769999999999999796e-01
9.879999999999999893e-01
9.849999999999999867e-01
9.000000000000000222e-01
9.729999999999999760e-01
9.180000000000000382e-01
8.810000000000000053e-01
9.180000000000000382e-01
9.729999999999999760e-01
9.379999999999999449e-01
9.040000000000000258e-01
3.599999999999999867e-01
1.000000000000000021e-03
9.459999999999999520e-01
9.819999999999999840e-01
9.659999999999999698e-01
7.229999999999999760e-01
9.459999999999999520e-01
9.719999999999999751e-01
9.859999999999999876e-01
8.080000000000000515e-01
9.599999999999999645e-01
9.869999999999999885e-01
9.859999999999999876e-01
4.800000000000000100e-02
6.390000000000000124e-01
9.809999999999999831e-01
9.769999999999999796e-01
6.840000000000000524e-01
9.869999999999999885e-01
8.169999999999999485e-01
3.119999999999999996e-01
9.809999999999999831e-01
8.359999999999999654e-01
7.610000000000000098e-01
9.819999999999999840e-01
9.379999999999999449e-01
9.759999999999999787e-01
9.729999999999999760e-01
9.000000000000000222e-01
9.409999999999999476e-01
9.819999999999999840e-01
2.899999999999999800e-01
9.090000000000000302e-01
9.429999999999999494e-01
9.779999999999999805e-01
9.649999999999999689e-01
9.769999999999999796e-01
9.759999999999999787e-01
9.809999999999999831e-01
9.809999999999999831e-01
8.300000000000000433e-02
9.599999999999999645e-01
