9.500000000000000000e+01 2.000000000000000000e+01 5.000000000000000000e+01
3.000000000000000000e+01 2.000000000000000000e+01 5.000000000000000000e+01
3.500000000000000000e+01 2.000000000000000000e+01 5.000000000000000000e+01
4.000000000000000000e+01 2.000000000000000000e+01 5.000000000000000000e+01
4.500000000000000000e+01 2.000000000000000000e+01 5.000000000000000000e+01
5.000000000000000000e+01 2.000000000000000000e+01 5.000000000000000000e+01
6.000000000000000000e+01 2.000000000000000000e+01 5.000000000000000000e+01
7.500000000000000000e+01 2.000000000000000000e+01 5.000000000000000000e+01
5.500000000000000000e+01 2.000000000000000000e+01 5.000000000000000000e+01
1.200000000000000000e+02 2.000000000000000000e+01 5.000000000000000000e+01
1.800000000000000000e+02 2.000000000000000000e+01 5.000000000000000000e+01
1.250000000000000000e+02 2.000000000000000000e+01 5.000000000000000000e+01
1.700000000000000000e+02 2.000000000000000000e+01 5.000000000000000000e+01
2.000000000000000000e+02 2.000000000000000000e+01 5.000000000000000000e+01
8.500000000000000000e+01 2.000000000000000000e+01 5.000000000000000000e+01
1.350000000000000000e+02 2.000000000000000000e+01 5.000000000000000000e+01
1.800000000000000000e+01 1.000000000000000000e+01 1.000000000000000000e+02
1.800000000000000000e+01 1.000000000000000000e+01 2.000000000000000000e+02
1.800000000000000000e+01 2.000000000000000000e+01 5.000000000000000000e+01
1.800000000000000000e+01 2.000000000000000000e+01 1.000000000000000000e+02
1.800000000000000000e+01 3.000000000000000000e+01 2.000000000000000000e+02
1.800000000000000000e+01 2.500000000000000000e+01 5.000000000000000000e+01
1.800000000000000000e+01 6.000000000000000000e+01 1.000000000000000000e+01
1.800000000000000000e+01 6.000000000000000000e+01 1.000000000000000000e+02
1.800000000000000000e+01 2.500000000000000000e+01 2.000000000000000000e+02
1.800000000000000000e+01 3.000000000000000000e+01 1.000000000000000000e+01
2.000000000000000000e+01 1.000000000000000000e+01 1.000000000000000000e+02
2.000000000000000000e+01 1.000000000000000000e+01 2.000000000000000000e+02
1.800000000000000000e+01 3.000000000000000000e+01 5.000000000000000000e+01
1.800000000000000000e+01 3.000000000000000000e+01 1.000000000000000000e+02
2.000000000000000000e+01 1.000000000000000000e+01 1.000000000000000000e+01
1.800000000000000000e+01 1.000000000000000000e+01 5.000000000000000000e+01
1.800000000000000000e+01 2.500000000000000000e+01 1.000000000000000000e+01
1.800000000000000000e+01 2.000000000000000000e+01 1.000000000000000000e+01
1.800000000000000000e+01 2.000000000000000000e+01 2.000000000000000000e+02
1.800000000000000000e+01 2.500000000000000000e+01 1.000000000000000000e+02
1.800000000000000000e+01 4.500000000000000000e+01 1.000000000000000000e+01
1.800000000000000000e+01 4.500000000000000000e+01 1.000000000000000000e+02
1.800000000000000000e+01 4.500000000000000000e+01 5.000000000000000000e+01
1.800000000000000000e+01 6.000000000000000000e+01 2.000000000000000000e+02
1.800000000000000000e+01 6.000000000000000000e+01 5.000000000000000000e+01
2.000000000000000000e+01 2.000000000000000000e+01 1.000000000000000000e+01
2.000000000000000000e+01 2.500000000000000000e+01 1.000000000000000000e+01
1.800000000000000000e+01 4.500000000000000000e+01 2.000000000000000000e+02
2.000000000000000000e+01 2.000000000000000000e+01 1.000000000000000000e+02
2.000000000000000000e+01 2.500000000000000000e+01 5.000000000000000000e+01
2.000000000000000000e+01 3.000000000000000000e+01 5.000000000000000000e+01
2.000000000000000000e+01 3.000000000000000000e+01 1.000000000000000000e+02
2.000000000000000000e+01 2.000000000000000000e+01 5.000000000000000000e+01
2.000000000000000000e+01 4.500000000000000000e+01 1.000000000000000000e+02
2.000000000000000000e+01 2.500000000000000000e+01 1.000000000000000000e+02
2.000000000000000000e+01 1.000000000000000000e+01 5.000000000000000000e+01
2.000000000000000000e+01 3.000000000000000000e+01 1.000000000000000000e+01
2.000000000000000000e+01 2.500000000000000000e+01 2.000000000000000000e+02
2.000000000000000000e+01 6.000000000000000000e+01 1.000000000000000000e+01
2.000000000000000000e+01 4.500000000000000000e+01 1.000000000000000000e+01
2.500000000000000000e+01 1.000000000000000000e+01 5.000000000000000000e+01
2.000000000000000000e+01 6.000000000000000000e+01 1.000000000000000000e+02
2.000000000000000000e+01 4.500000000000000000e+01 5.000000000000000000e+01
2.000000000000000000e+01 2.000000000000000000e+01 2.000000000000000000e+02
2.500000000000000000e+01 1.000000000000000000e+01 1.000000000000000000e+02
2.000000000000000000e+01 6.000000000000000000e+01 2.000000000000000000e+02
2.500000000000000000e+01 1.000000000000000000e+01 1.000000000000000000e+01
2.000000000000000000e+01 4.500000000000000000e+01 2.000000000000000000e+02
2.500000000000000000e+01 2.000000000000000000e+01 5.000000000000000000e+01
3.000000000000000000e+01 6.000000000000000000e+01 5.000000000000000000e+01
2.000000000000000000e+01 3.000000000000000000e+01 2.000000000000000000e+02
2.000000000000000000e+01 6.000000000000000000e+01 5.000000000000000000e+01
3.000000000000000000e+01 1.000000000000000000e+01 2.000000000000000000e+02
2.500000000000000000e+01 4.500000000000000000e+01 1.000000000000000000e+02
2.500000000000000000e+01 2.000000000000000000e+01 1.000000000000000000e+01
2.500000000000000000e+01 1.000000000000000000e+01 2.000000000000000000e+02
2.500000000000000000e+01 3.000000000000000000e+01 5.000000000000000000e+01
2.500000000000000000e+01 4.500000000000000000e+01 1.000000000000000000e+01
2.500000000000000000e+01 2.000000000000000000e+01 1.000000000000000000e+02
2.500000000000000000e+01 2.500000000000000000e+01 5.000000000000000000e+01
2.500000000000000000e+01 2.000000000000000000e+01 2.000000000000000000e+02
2.500000000000000000e+01 3.000000000000000000e+01 1.000000000000000000e+01
2.500000000000000000e+01 6.000000000000000000e+01 1.000000000000000000e+01
3.000000000000000000e+01 2.500000000000000000e+01 1.000000000000000000e+01
3.000000000000000000e+01 4.500000000000000000e+01 1.000000000000000000e+01
2.500000000000000000e+01 2.500000000000000000e+01 2.000000000000000000e+02
2.500000000000000000e+01 6.000000000000000000e+01 5.000000000000000000e+01
2.500000000000000000e+01 6.000000000000000000e+01 2.000000000000000000e+02
3.000000000000000000e+01 2.000000000000000000e+01 2.000000000000000000e+02
2.500000000000000000e+01 3.000000000000000000e+01 2.000000000000000000e+02
2.500000000000000000e+01 2.500000000000000000e+01 1.000000000000000000e+02
3.000000000000000000e+01 1.000000000000000000e+01 1.000000000000000000e+01
2.500000000000000000e+01 2.500000000000000000e+01 1.000000000000000000e+01
3.000000000000000000e+01 3.000000000000000000e+01 2.000000000000000000e+02
3.000000000000000000e+01 1.000000000000000000e+01 5.000000000000000000e+01
1.800000000000000000e+01 1.000000000000000000e+01 1.000000000000000000e+03
1.800000000000000000e+01 1.000000000000000000e+01 5.000000000000000000e+02
1.800000000000000000e+01 3.000000000000000000e+01 1.000000000000000000e+03
2.500000000000000000e+01 3.000000000000000000e+01 1.000000000000000000e+02
3.000000000000000000e+01 2.000000000000000000e+01 1.000000000000000000e+02
3.000000000000000000e+01 2.500000000000000000e+01 1.000000000000000000e+02
2.000000000000000000e+01 4.500000000000000000e+01 1.000000000000000000e+03
1.800000000000000000e+01 2.000000000000000000e+01 1.000000000000000000e+03
3.000000000000000000e+01 6.000000000000000000e+01 1.000000000000000000e+02
3.000000000000000000e+01 2.000000000000000000e+01 1.000000000000000000e+01
2.500000000000000000e+01 4.500000000000000000e+01 5.000000000000000000e+01
2.000000000000000000e+01 4.500000000000000000e+01 1.100000000000000000e+03
3.000000000000000000e+01 6.000000000000000000e+01 1.000000000000000000e+01
2.500000000000000000e+01 4.500000000000000000e+01 2.000000000000000000e+02
3.000000000000000000e+01 3.000000000000000000e+01 1.000000000000000000e+01
1.800000000000000000e+01 3.000000000000000000e+01 5.000000000000000000e+02
1.800000000000000000e+01 2.500000000000000000e+01 1.000000000000000000e+03
1.800000000000000000e+01 6.000000000000000000e+01 1.100000000000000000e+03
1.800000000000000000e+01 2.000000000000000000e+01 1.100000000000000000e+03
3.000000000000000000e+01 4.500000000000000000e+01 1.000000000000000000e+02
2.500000000000000000e+01 6.000000000000000000e+01 1.000000000000000000e+02
3.000000000000000000e+01 3.000000000000000000e+01 5.000000000000000000e+01
3.000000000000000000e+01 1.000000000000000000e+01 1.000000000000000000e+02
2.000000000000000000e+01 6.000000000000000000e+01 1.100000000000000000e+03
3.000000000000000000e+01 2.500000000000000000e+01 2.000000000000000000e+02
3.000000000000000000e+01 4.500000000000000000e+01 2.000000000000000000e+02
1.800000000000000000e+01 4.500000000000000000e+01 5.000000000000000000e+02
2.000000000000000000e+01 3.000000000000000000e+01 1.100000000000000000e+03
1.800000000000000000e+01 4.500000000000000000e+01 1.100000000000000000e+03
2.000000000000000000e+01 2.000000000000000000e+01 1.100000000000000000e+03
1.800000000000000000e+01 3.000000000000000000e+01 1.100000000000000000e+03
1.800000000000000000e+01 6.000000000000000000e+01 5.000000000000000000e+02
2.500000000000000000e+01 2.500000000000000000e+01 5.000000000000000000e+02
2.000000000000000000e+01 6.000000000000000000e+01 1.000000000000000000e+03
4.000000000000000000e+01 2.500000000000000000e+01 5.000000000000000000e+01
3.000000000000000000e+01 4.500000000000000000e+01 5.000000000000000000e+01
3.000000000000000000e+01 2.500000000000000000e+01 5.000000000000000000e+01
1.800000000000000000e+01 2.500000000000000000e+01 1.100000000000000000e+03
3.500000000000000000e+01 2.500000000000000000e+01 2.000000000000000000e+02
2.000000000000000000e+01 6.000000000000000000e+01 5.000000000000000000e+02
2.500000000000000000e+01 1.000000000000000000e+01 5.000000000000000000e+02
3.500000000000000000e+01 4.500000000000000000e+01 1.000000000000000000e+02
3.500000000000000000e+01 2.500000000000000000e+01 5.000000000000000000e+01
3.500000000000000000e+01 1.000000000000000000e+01 6.000000000000000000e+02
3.000000000000000000e+01 3.000000000000000000e+01 1.000000000000000000e+02
3.000000000000000000e+01 6.000000000000000000e+01 2.000000000000000000e+02
2.500000000000000000e+01 1.000000000000000000e+01 1.100000000000000000e+03
1.800000000000000000e+01 6.000000000000000000e+01 1.000000000000000000e+03
1.800000000000000000e+01 1.000000000000000000e+01 1.100000000000000000e+03
4.000000000000000000e+01 2.500000000000000000e+01 1.000000000000000000e+02
2.000000000000000000e+01 1.000000000000000000e+01 1.000000000000000000e+03
1.800000000000000000e+01 2.000000000000000000e+01 5.000000000000000000e+02
2.000000000000000000e+01 1.000000000000000000e+01 1.100000000000000000e+03
2.000000000000000000e+01 3.000000000000000000e+01 1.000000000000000000e+03
1.800000000000000000e+01 2.500000000000000000e+01 5.000000000000000000e+02
2.000000000000000000e+01 2.000000000000000000e+01 5.000000000000000000e+02
1.800000000000000000e+01 4.500000000000000000e+01 1.000000000000000000e+03
2.500000000000000000e+01 2.500000000000000000e+01 1.100000000000000000e+03
2.000000000000000000e+01 1.000000000000000000e+01 5.000000000000000000e+02
2.000000000000000000e+01 2.500000000000000000e+01 1.100000000000000000e+03
4.000000000000000000e+01 2.000000000000000000e+01 6.000000000000000000e+02
4.000000000000000000e+01 4.500000000000000000e+01 6.000000000000000000e+02
2.000000000000000000e+01 3.000000000000000000e+01 5.000000000000000000e+02
4.000000000000000000e+01 3.000000000000000000e+01 5.000000000000000000e+02
3.500000000000000000e+01 2.500000000000000000e+01 5.000000000000000000e+02
2.000000000000000000e+01 2.000000000000000000e+01 1.000000000000000000e+03
3.500000000000000000e+01 4.500000000000000000e+01 5.000000000000000000e+02
3.500000000000000000e+01 1.000000000000000000e+01 1.000000000000000000e+01
2.000000000000000000e+01 2.500000000000000000e+01 5.000000000000000000e+02
2.500000000000000000e+01 1.000000000000000000e+01 1.000000000000000000e+03
3.500000000000000000e+01 1.000000000000000000e+01 7.000000000000000000e+02
3.500000000000000000e+01 3.000000000000000000e+01 1.000000000000000000e+01
4.000000000000000000e+01 1.000000000000000000e+01 1.000000000000000000e+02
2.500000000000000000e+01 2.500000000000000000e+01 1.000000000000000000e+03
3.500000000000000000e+01 4.500000000000000000e+01 7.000000000000000000e+02
2.500000000000000000e+01 3.000000000000000000e+01 1.100000000000000000e+03
2.000000000000000000e+01 4.500000000000000000e+01 5.000000000000000000e+02
4.000000000000000000e+01 2.000000000000000000e+01 1.000000000000000000e+01
4.000000000000000000e+01 2.000000000000000000e+01 5.000000000000000000e+02
4.000000000000000000e+01 1.000000000000000000e+01 2.000000000000000000e+02
3.500000000000000000e+01 4.500000000000000000e+01 5.000000000000000000e+01
2.500000000000000000e+01 3.000000000000000000e+01 5.000000000000000000e+02
3.500000000000000000e+01 3.000000000000000000e+01 5.000000000000000000e+02
2.500000000000000000e+01 2.000000000000000000e+01 1.000000000000000000e+03
4.000000000000000000e+01 6.000000000000000000e+01 1.000000000000000000e+02
4.500000000000000000e+01 1.000000000000000000e+01 1.000000000000000000e+01
4.500000000000000000e+01 1.000000000000000000e+01 6.000000000000000000e+02
4.500000000000000000e+01 3.000000000000000000e+01 5.000000000000000000e+01
2.500000000000000000e+01 2.000000000000000000e+01 1.100000000000000000e+03
4.000000000000000000e+01 3.000000000000000000e+01 8.000000000000000000e+02
4.500000000000000000e+01 1.000000000000000000e+01 7.000000000000000000e+02
3.500000000000000000e+01 6.000000000000000000e+01 6.000000000000000000e+02
4.000000000000000000e+01 4.500000000000000000e+01 8.000000000000000000e+02
4.500000000000000000e+01 2.500000000000000000e+01 5.000000000000000000e+01
4.000000000000000000e+01 2.500000000000000000e+01 5.000000000000000000e+02
4.000000000000000000e+01 2.500000000000000000e+01 6.000000000000000000e+02
4.000000000000000000e+01 2.500000000000000000e+01 8.000000000000000000e+02
3.500000000000000000e+01 2.500000000000000000e+01 1.000000000000000000e+02
3.500000000000000000e+01 3.000000000000000000e+01 5.000000000000000000e+01
4.000000000000000000e+01 6.000000000000000000e+01 5.000000000000000000e+01
4.000000000000000000e+01 3.000000000000000000e+01 1.000000000000000000e+02
4.000000000000000000e+01 3.000000000000000000e+01 7.000000000000000000e+02
2.000000000000000000e+01 2.500000000000000000e+01 1.000000000000000000e+03
4.500000000000000000e+01 1.000000000000000000e+01 5.000000000000000000e+01
4.000000000000000000e+01 6.000000000000000000e+01 6.000000000000000000e+02
4.000000000000000000e+01 3.000000000000000000e+01 2.000000000000000000e+02
4.000000000000000000e+01 4.500000000000000000e+01 7.000000000000000000e+02
4.500000000000000000e+01 2.000000000000000000e+01 1.000000000000000000e+02
4.000000000000000000e+01 4.500000000000000000e+01 1.000000000000000000e+01
4.500000000000000000e+01 3.000000000000000000e+01 8.000000000000000000e+02
4.000000000000000000e+01 2.500000000000000000e+01 1.000000000000000000e+01
3.500000000000000000e+01 3.000000000000000000e+01 8.000000000000000000e+02
4.500000000000000000e+01 4.500000000000000000e+01 1.000000000000000000e+01
4.000000000000000000e+01 2.500000000000000000e+01 2.000000000000000000e+02
4.500000000000000000e+01 3.000000000000000000e+01 1.000000000000000000e+02
4.500000000000000000e+01 2.000000000000000000e+01 5.000000000000000000e+02
4.500000000000000000e+01 2.500000000000000000e+01 8.000000000000000000e+02
4.500000000000000000e+01 2.500000000000000000e+01 2.000000000000000000e+02
4.500000000000000000e+01 6.000000000000000000e+01 2.000000000000000000e+02
5.000000000000000000e+01 1.000000000000000000e+01 5.000000000000000000e+02
5.000000000000000000e+01 2.500000000000000000e+01 7.000000000000000000e+02
5.000000000000000000e+01 2.000000000000000000e+01 1.000000000000000000e+02
4.500000000000000000e+01 6.000000000000000000e+01 6.000000000000000000e+02
4.500000000000000000e+01 2.000000000000000000e+01 7.000000000000000000e+02
5.500000000000000000e+01 1.000000000000000000e+01 7.000000000000000000e+02
5.000000000000000000e+01 6.000000000000000000e+01 5.000000000000000000e+02
5.000000000000000000e+01 1.000000000000000000e+01 6.000000000000000000e+02
5.500000000000000000e+01 2.000000000000000000e+01 6.000000000000000000e+02
5.000000000000000000e+01 1.000000000000000000e+01 5.000000000000000000e+01
4.500000000000000000e+01 3.000000000000000000e+01 7.000000000000000000e+02
4.500000000000000000e+01 3.000000000000000000e+01 2.000000000000000000e+02
4.000000000000000000e+01 4.500000000000000000e+01 5.000000000000000000e+01
4.500000000000000000e+01 6.000000000000000000e+01 7.000000000000000000e+02
5.000000000000000000e+01 2.000000000000000000e+01 6.000000000000000000e+02
5.000000000000000000e+01 3.000000000000000000e+01 1.000000000000000000e+02
5.000000000000000000e+01 2.000000000000000000e+01 8.000000000000000000e+02
5.000000000000000000e+01 4.500000000000000000e+01 5.000000000000000000e+01
5.000000000000000000e+01 3.000000000000000000e+01 2.000000000000000000e+02
4.500000000000000000e+01 2.500000000000000000e+01 1.000000000000000000e+02
5.000000000000000000e+01 1.000000000000000000e+01 8.000000000000000000e+02
5.500000000000000000e+01 1.000000000000000000e+01 2.000000000000000000e+02
5.000000000000000000e+01 2.000000000000000000e+01 7.000000000000000000e+02
5.000000000000000000e+01 1.000000000000000000e+01 7.000000000000000000e+02
5.500000000000000000e+01 2.000000000000000000e+01 5.000000000000000000e+02
5.000000000000000000e+01 2.500000000000000000e+01 1.000000000000000000e+02
5.000000000000000000e+01 6.000000000000000000e+01 5.000000000000000000e+01
5.000000000000000000e+01 1.000000000000000000e+01 1.000000000000000000e+01
5.000000000000000000e+01 2.500000000000000000e+01 5.000000000000000000e+01
5.000000000000000000e+01 6.000000000000000000e+01 8.000000000000000000e+02
4.500000000000000000e+01 6.000000000000000000e+01 8.000000000000000000e+02
4.500000000000000000e+01 6.000000000000000000e+01 1.000000000000000000e+01
5.500000000000000000e+01 2.000000000000000000e+01 2.000000000000000000e+02
4.500000000000000000e+01 6.000000000000000000e+01 5.000000000000000000e+02
5.000000000000000000e+01 4.500000000000000000e+01 2.000000000000000000e+02
5.000000000000000000e+01 2.500000000000000000e+01 1.000000000000000000e+01
5.500000000000000000e+01 2.000000000000000000e+01 7.000000000000000000e+02
4.500000000000000000e+01 3.000000000000000000e+01 6.000000000000000000e+02
5.000000000000000000e+01 3.000000000000000000e+01 5.000000000000000000e+02
5.000000000000000000e+01 2.500000000000000000e+01 6.000000000000000000e+02
5.500000000000000000e+01 1.000000000000000000e+01 5.000000000000000000e+01
5.000000000000000000e+01 2.000000000000000000e+01 5.000000000000000000e+02
5.000000000000000000e+01 3.000000000000000000e+01 1.000000000000000000e+01
5.500000000000000000e+01 1.000000000000000000e+01 1.000000000000000000e+01
5.500000000000000000e+01 2.000000000000000000e+01 1.000000000000000000e+02
5.000000000000000000e+01 4.500000000000000000e+01 1.000000000000000000e+02
5.500000000000000000e+01 2.000000000000000000e+01 8.000000000000000000e+02
5.500000000000000000e+01 1.000000000000000000e+01 5.000000000000000000e+02
5.000000000000000000e+01 2.500000000000000000e+01 8.000000000000000000e+02
2.500000000000000000e+01 2.000000000000000000e+01 5.000000000000000000e+02
2.500000000000000000e+01 3.000000000000000000e+01 1.000000000000000000e+03
3.500000000000000000e+01 2.000000000000000000e+01 1.000000000000000000e+02
3.500000000000000000e+01 2.000000000000000000e+01 2.000000000000000000e+02
3.500000000000000000e+01 2.000000000000000000e+01 7.000000000000000000e+02
3.500000000000000000e+01 1.000000000000000000e+01 5.000000000000000000e+02
3.500000000000000000e+01 2.500000000000000000e+01 7.000000000000000000e+02
3.500000000000000000e+01 2.000000000000000000e+01 8.000000000000000000e+02
3.500000000000000000e+01 3.000000000000000000e+01 1.000000000000000000e+02
3.500000000000000000e+01 2.000000000000000000e+01 6.000000000000000000e+02
3.500000000000000000e+01 2.000000000000000000e+01 5.000000000000000000e+02
3.500000000000000000e+01 1.000000000000000000e+01 2.000000000000000000e+02
3.500000000000000000e+01 2.500000000000000000e+01 1.000000000000000000e+01
3.500000000000000000e+01 4.500000000000000000e+01 1.000000000000000000e+01
3.500000000000000000e+01 2.500000000000000000e+01 8.000000000000000000e+02
3.500000000000000000e+01 2.500000000000000000e+01 6.000000000000000000e+02
3.500000000000000000e+01 3.000000000000000000e+01 6.000000000000000000e+02
3.500000000000000000e+01 3.000000000000000000e+01 7.000000000000000000e+02
3.500000000000000000e+01 3.000000000000000000e+01 2.000000000000000000e+02
3.500000000000000000e+01 4.500000000000000000e+01 6.000000000000000000e+02
3.500000000000000000e+01 4.500000000000000000e+01 8.000000000000000000e+02
3.500000000000000000e+01 4.500000000000000000e+01 2.000000000000000000e+02
3.500000000000000000e+01 6.000000000000000000e+01 1.000000000000000000e+01
4.000000000000000000e+01 1.000000000000000000e+01 5.000000000000000000e+02
3.500000000000000000e+01 6.000000000000000000e+01 8.000000000000000000e+02
3.500000000000000000e+01 6.000000000000000000e+01 5.000000000000000000e+01
4.000000000000000000e+01 2.000000000000000000e+01 1.000000000000000000e+02
4.000000000000000000e+01 1.000000000000000000e+01 1.000000000000000000e+01
3.500000000000000000e+01 6.000000000000000000e+01 2.000000000000000000e+02
3.500000000000000000e+01 6.000000000000000000e+01 5.000000000000000000e+02
4.000000000000000000e+01 1.000000000000000000e+01 8.000000000000000000e+02
4.000000000000000000e+01 1.000000000000000000e+01 5.000000000000000000e+01
3.500000000000000000e+01 6.000000000000000000e+01 7.000000000000000000e+02
4.000000000000000000e+01 3.000000000000000000e+01 1.000000000000000000e+01
4.000000000000000000e+01 3.000000000000000000e+01 5.000000000000000000e+01
4.000000000000000000e+01 4.500000000000000000e+01 5.000000000000000000e+02
4.000000000000000000e+01 4.500000000000000000e+01 2.000000000000000000e+02
4.000000000000000000e+01 2.000000000000000000e+01 8.000000000000000000e+02
4.000000000000000000e+01 6.000000000000000000e+01 1.000000000000000000e+01
4.000000000000000000e+01 4.500000000000000000e+01 1.000000000000000000e+02
4.000000000000000000e+01 3.000000000000000000e+01 6.000000000000000000e+02
4.000000000000000000e+01 6.000000000000000000e+01 5.000000000000000000e+02
4.000000000000000000e+01 6.000000000000000000e+01 2.000000000000000000e+02
4.000000000000000000e+01 6.000000000000000000e+01 7.000000000000000000e+02
4.000000000000000000e+01 6.000000000000000000e+01 8.000000000000000000e+02
4.500000000000000000e+01 2.000000000000000000e+01 1.000000000000000000e+01
4.500000000000000000e+01 4.500000000000000000e+01 5.000000000000000000e+02
4.500000000000000000e+01 3.000000000000000000e+01 5.000000000000000000e+02
4.500000000000000000e+01 6.000000000000000000e+01 5.000000000000000000e+01
4.500000000000000000e+01 1.000000000000000000e+01 5.000000000000000000e+02
4.500000000000000000e+01 6.000000000000000000e+01 1.000000000000000000e+02
4.500000000000000000e+01 4.500000000000000000e+01 6.000000000000000000e+02
4.500000000000000000e+01 4.500000000000000000e+01 2.000000000000000000e+02
4.500000000000000000e+01 4.500000000000000000e+01 7.000000000000000000e+02
4.500000000000000000e+01 4.500000000000000000e+01 1.000000000000000000e+02
5.000000000000000000e+01 1.000000000000000000e+01 2.000000000000000000e+02
4.500000000000000000e+01 4.500000000000000000e+01 8.000000000000000000e+02
4.500000000000000000e+01 4.500000000000000000e+01 5.000000000000000000e+01
5.000000000000000000e+01 2.000000000000000000e+01 1.000000000000000000e+01
5.000000000000000000e+01 1.000000000000000000e+01 1.000000000000000000e+02
5.000000000000000000e+01 4.500000000000000000e+01 6.000000000000000000e+02
5.000000000000000000e+01 4.500000000000000000e+01 1.000000000000000000e+01
5.000000000000000000e+01 3.000000000000000000e+01 8.000000000000000000e+02
5.000000000000000000e+01 4.500000000000000000e+01 8.000000000000000000e+02
5.000000000000000000e+01 6.000000000000000000e+01 1.000000000000000000e+01
5.000000000000000000e+01 3.000000000000000000e+01 7.000000000000000000e+02
5.000000000000000000e+01 6.000000000000000000e+01 1.000000000000000000e+02
5.000000000000000000e+01 6.000000000000000000e+01 7.000000000000000000e+02
5.000000000000000000e+01 6.000000000000000000e+01 6.000000000000000000e+02
5.000000000000000000e+01 4.500000000000000000e+01 5.000000000000000000e+02
5.500000000000000000e+01 1.000000000000000000e+01 8.000000000000000000e+02
5.500000000000000000e+01 1.000000000000000000e+01 6.000000000000000000e+02
1.320000000000000000e+02 2.000000000000000000e+01 5.000000000000000000e+01
1.500000000000000000e+02 2.000000000000000000e+01 5.000000000000000000e+01
1.000000000000000000e+02 2.000000000000000000e+01 5.000000000000000000e+01
1.300000000000000000e+02 2.000000000000000000e+01 5.000000000000000000e+01
1.100000000000000000e+02 2.000000000000000000e+01 5.000000000000000000e+01
6.500000000000000000e+01 2.000000000000000000e+01 5.000000000000000000e+01
1.400000000000000000e+02 2.000000000000000000e+01 5.000000000000000000e+01
1.600000000000000000e+02 2.000000000000000000e+01 5.000000000000000000e+01
9.000000000000000000e+01 2.000000000000000000e+01 5.000000000000000000e+01
8.000000000000000000e+01 2.000000000000000000e+01 5.000000000000000000e+01
1.000000000000000000e+02 2.000000000000000000e+01 2.000000000000000000e+02
1.000000000000000000e+02 1.000000000000000000e+01 3.000000000000000000e+02
1.000000000000000000e+02 1.000000000000000000e+01 1.000000000000000000e+02
1.000000000000000000e+02 1.000000000000000000e+01 2.000000000000000000e+02
1.000000000000000000e+02 1.000000000000000000e+01 7.000000000000000000e+02
1.000000000000000000e+02 1.000000000000000000e+01 5.000000000000000000e+01
1.000000000000000000e+02 1.000000000000000000e+01 8.000000000000000000e+02
1.000000000000000000e+02 2.000000000000000000e+01 5.000000000000000000e+02
1.000000000000000000e+02 2.000000000000000000e+01 1.000000000000000000e+02
1.000000000000000000e+02 2.000000000000000000e+01 1.000000000000000000e+01
1.000000000000000000e+02 1.000000000000000000e+01 5.000000000000000000e+02
1.000000000000000000e+02 2.500000000000000000e+01 1.000000000000000000e+01
1.000000000000000000e+02 2.000000000000000000e+01 7.000000000000000000e+02
1.000000000000000000e+02 2.500000000000000000e+01 3.000000000000000000e+02
1.000000000000000000e+02 1.000000000000000000e+01 6.000000000000000000e+02
1.000000000000000000e+02 2.000000000000000000e+01 8.000000000000000000e+02
1.000000000000000000e+02 2.500000000000000000e+01 5.000000000000000000e+02
1.000000000000000000e+02 2.000000000000000000e+01 6.000000000000000000e+02
1.000000000000000000e+02 2.000000000000000000e+01 3.000000000000000000e+02
1.000000000000000000e+02 3.000000000000000000e+01 1.000000000000000000e+01
1.000000000000000000e+02 2.500000000000000000e+01 1.000000000000000000e+02
1.000000000000000000e+02 3.000000000000000000e+01 5.000000000000000000e+01
1.000000000000000000e+02 2.500000000000000000e+01 2.000000000000000000e+02
1.000000000000000000e+02 3.000000000000000000e+01 7.000000000000000000e+02
1.000000000000000000e+02 2.500000000000000000e+01 6.000000000000000000e+02
1.000000000000000000e+02 3.000000000000000000e+01 5.000000000000000000e+02
1.000000000000000000e+02 3.000000000000000000e+01 8.000000000000000000e+02
1.000000000000000000e+02 2.500000000000000000e+01 7.000000000000000000e+02
1.000000000000000000e+02 4.500000000000000000e+01 1.000000000000000000e+01
1.000000000000000000e+02 3.000000000000000000e+01 1.000000000000000000e+02
1.000000000000000000e+02 3.000000000000000000e+01 6.000000000000000000e+02
1.000000000000000000e+02 2.500000000000000000e+01 5.000000000000000000e+01
1.000000000000000000e+02 4.500000000000000000e+01 3.000000000000000000e+02
1.000000000000000000e+02 3.000000000000000000e+01 3.000000000000000000e+02
1.000000000000000000e+02 2.500000000000000000e+01 8.000000000000000000e+02
1.000000000000000000e+02 4.500000000000000000e+01 1.000000000000000000e+02
1.000000000000000000e+02 4.500000000000000000e+01 2.000000000000000000e+02
1.000000000000000000e+02 4.500000000000000000e+01 6.000000000000000000e+02
1.000000000000000000e+02 6.000000000000000000e+01 6.000000000000000000e+02
1.000000000000000000e+02 6.000000000000000000e+01 5.000000000000000000e+02
1.000000000000000000e+02 6.000000000000000000e+01 1.000000000000000000e+02
1.000000000000000000e+02 4.500000000000000000e+01 8.000000000000000000e+02
1.000000000000000000e+02 4.500000000000000000e+01 7.000000000000000000e+02
1.000000000000000000e+02 6.000000000000000000e+01 3.000000000000000000e+02
1.000000000000000000e+02 6.000000000000000000e+01 2.000000000000000000e+02
1.000000000000000000e+02 4.500000000000000000e+01 5.000000000000000000e+02
1.000000000000000000e+02 6.000000000000000000e+01 7.000000000000000000e+02
1.050000000000000000e+02 1.000000000000000000e+01 5.000000000000000000e+01
1.050000000000000000e+02 1.000000000000000000e+01 5.000000000000000000e+02
1.050000000000000000e+02 2.000000000000000000e+01 1.000000000000000000e+02
1.050000000000000000e+02 1.000000000000000000e+01 2.000000000000000000e+02
1.050000000000000000e+02 2.500000000000000000e+01 6.000000000000000000e+02
1.050000000000000000e+02 3.000000000000000000e+01 1.000000000000000000e+02
1.050000000000000000e+02 2.500000000000000000e+01 7.000000000000000000e+02
1.050000000000000000e+02 3.000000000000000000e+01 5.000000000000000000e+02
1.050000000000000000e+02 3.000000000000000000e+01 5.000000000000000000e+01
1.050000000000000000e+02 2.000000000000000000e+01 1.000000000000000000e+01
1.050000000000000000e+02 3.000000000000000000e+01 2.000000000000000000e+02
1.050000000000000000e+02 2.000000000000000000e+01 5.000000000000000000e+01
1.050000000000000000e+02 2.000000000000000000e+01 2.000000000000000000e+02
1.050000000000000000e+02 2.500000000000000000e+01 5.000000000000000000e+02
1.050000000000000000e+02 3.000000000000000000e+01 3.000000000000000000e+02
1.050000000000000000e+02 3.000000000000000000e+01 8.000000000000000000e+02
1.050000000000000000e+02 2.500000000000000000e+01 3.000000000000000000e+02
1.050000000000000000e+02 3.000000000000000000e+01 6.000000000000000000e+02
1.050000000000000000e+02 3.000000000000000000e+01 7.000000000000000000e+02
1.050000000000000000e+02 3.000000000000000000e+01 1.000000000000000000e+01
1.050000000000000000e+02 2.500000000000000000e+01 1.000000000000000000e+02
1.050000000000000000e+02 4.500000000000000000e+01 5.000000000000000000e+01
1.050000000000000000e+02 4.500000000000000000e+01 2.000000000000000000e+02
1.050000000000000000e+02 4.500000000000000000e+01 3.000000000000000000e+02
1.050000000000000000e+02 4.500000000000000000e+01 1.000000000000000000e+02
1.050000000000000000e+02 4.500000000000000000e+01 5.000000000000000000e+02
1.100000000000000000e+02 1.000000000000000000e+01 5.000000000000000000e+01
1.050000000000000000e+02 6.000000000000000000e+01 3.000000000000000000e+02
1.050000000000000000e+02 6.000000000000000000e+01 8.000000000000000000e+02
1.050000000000000000e+02 6.000000000000000000e+01 6.000000000000000000e+02
1.050000000000000000e+02 6.000000000000000000e+01 1.000000000000000000e+02
1.100000000000000000e+02 1.000000000000000000e+01 2.000000000000000000e+02
1.100000000000000000e+02 1.000000000000000000e+01 1.000000000000000000e+01
1.050000000000000000e+02 6.000000000000000000e+01 5.000000000000000000e+01
1.050000000000000000e+02 6.000000000000000000e+01 5.000000000000000000e+02
1.100000000000000000e+02 1.000000000000000000e+01 3.000000000000000000e+02
1.100000000000000000e+02 2.000000000000000000e+01 3.000000000000000000e+02
1.100000000000000000e+02 2.000000000000000000e+01 2.000000000000000000e+02
1.100000000000000000e+02 2.500000000000000000e+01 2.000000000000000000e+02
1.100000000000000000e+02 2.500000000000000000e+01 3.000000000000000000e+02
1.100000000000000000e+02 2.000000000000000000e+01 7.000000000000000000e+02
1.100000000000000000e+02 2.500000000000000000e+01 1.000000000000000000e+02
1.100000000000000000e+02 2.500000000000000000e+01 1.000000000000000000e+01
1.100000000000000000e+02 2.000000000000000000e+01 6.000000000000000000e+02
1.100000000000000000e+02 2.000000000000000000e+01 8.000000000000000000e+02
1.100000000000000000e+02 2.000000000000000000e+01 5.000000000000000000e+02
1.100000000000000000e+02 3.000000000000000000e+01 8.000000000000000000e+02
1.100000000000000000e+02 3.000000000000000000e+01 1.000000000000000000e+01
1.100000000000000000e+02 3.000000000000000000e+01 3.000000000000000000e+02
1.100000000000000000e+02 2.500000000000000000e+01 6.000000000000000000e+02
1.100000000000000000e+02 2.500000000000000000e+01 8.000000000000000000e+02
1.100000000000000000e+02 2.500000000000000000e+01 5.000000000000000000e+02
1.200000000000000000e+02 1.000000000000000000e+01 1.000000000000000000e+01
1.100000000000000000e+02 4.500000000000000000e+01 7.000000000000000000e+02
1.100000000000000000e+02 6.000000000000000000e+01 5.000000000000000000e+01
1.100000000000000000e+02 3.000000000000000000e+01 6.000000000000000000e+02
1.100000000000000000e+02 6.000000000000000000e+01 7.000000000000000000e+02
1.100000000000000000e+02 4.500000000000000000e+01 1.000000000000000000e+01
1.100000000000000000e+02 6.000000000000000000e+01 5.000000000000000000e+02
1.100000000000000000e+02 3.000000000000000000e+01 1.000000000000000000e+02
1.100000000000000000e+02 4.500000000000000000e+01 5.000000000000000000e+02
1.100000000000000000e+02 6.000000000000000000e+01 6.000000000000000000e+02
1.100000000000000000e+02 4.500000000000000000e+01 5.000000000000000000e+01
1.200000000000000000e+02 1.000000000000000000e+01 7.000000000000000000e+02
1.100000000000000000e+02 4.500000000000000000e+01 8.000000000000000000e+02
1.200000000000000000e+02 1.000000000000000000e+01 3.000000000000000000e+02
1.200000000000000000e+02 1.000000000000000000e+01 1.000000000000000000e+02
1.100000000000000000e+02 6.000000000000000000e+01 8.000000000000000000e+02
1.200000000000000000e+02 1.000000000000000000e+01 6.000000000000000000e+02
1.200000000000000000e+02 1.000000000000000000e+01 5.000000000000000000e+01
1.200000000000000000e+02 1.000000000000000000e+01 2.000000000000000000e+02
1.100000000000000000e+02 6.000000000000000000e+01 1.000000000000000000e+01
1.250000000000000000e+02 1.000000000000000000e+01 2.000000000000000000e+02
1.250000000000000000e+02 2.500000000000000000e+01 5.000000000000000000e+01
1.250000000000000000e+02 1.000000000000000000e+01 1.000000000000000000e+02
1.250000000000000000e+02 1.000000000000000000e+01 1.000000000000000000e+01
1.250000000000000000e+02 1.000000000000000000e+01 7.000000000000000000e+02
1.250000000000000000e+02 3.000000000000000000e+01 1.000000000000000000e+01
1.250000000000000000e+02 2.000000000000000000e+01 1.000000000000000000e+02
1.250000000000000000e+02 2.000000000000000000e+01 1.000000000000000000e+01
1.250000000000000000e+02 2.500000000000000000e+01 7.000000000000000000e+02
1.250000000000000000e+02 2.500000000000000000e+01 1.000000000000000000e+01
1.250000000000000000e+02 3.000000000000000000e+01 3.000000000000000000e+02
1.250000000000000000e+02 3.000000000000000000e+01 8.000000000000000000e+02
1.250000000000000000e+02 2.000000000000000000e+01 7.000000000000000000e+02
1.250000000000000000e+02 2.500000000000000000e+01 8.000000000000000000e+02
1.250000000000000000e+02 4.500000000000000000e+01 2.000000000000000000e+02
1.250000000000000000e+02 4.500000000000000000e+01 3.000000000000000000e+02
1.250000000000000000e+02 4.500000000000000000e+01 5.000000000000000000e+01
1.250000000000000000e+02 3.000000000000000000e+01 5.000000000000000000e+01
1.250000000000000000e+02 6.000000000000000000e+01 1.000000000000000000e+02
1.250000000000000000e+02 3.000000000000000000e+01 7.000000000000000000e+02
1.250000000000000000e+02 4.500000000000000000e+01 1.000000000000000000e+02
1.250000000000000000e+02 3.000000000000000000e+01 2.000000000000000000e+02
1.250000000000000000e+02 6.000000000000000000e+01 3.000000000000000000e+02
1.250000000000000000e+02 4.500000000000000000e+01 1.000000000000000000e+01
1.250000000000000000e+02 3.000000000000000000e+01 1.000000000000000000e+02
1.250000000000000000e+02 3.000000000000000000e+01 6.000000000000000000e+02
1.250000000000000000e+02 4.500000000000000000e+01 8.000000000000000000e+02
1.250000000000000000e+02 6.000000000000000000e+01 2.000000000000000000e+02
1.250000000000000000e+02 4.500000000000000000e+01 7.000000000000000000e+02
1.250000000000000000e+02 4.500000000000000000e+01 6.000000000000000000e+02
1.250000000000000000e+02 4.500000000000000000e+01 5.000000000000000000e+02
1.250000000000000000e+02 6.000000000000000000e+01 1.000000000000000000e+01
1.250000000000000000e+02 6.000000000000000000e+01 6.000000000000000000e+02
1.250000000000000000e+02 6.000000000000000000e+01 5.000000000000000000e+02
1.250000000000000000e+02 6.000000000000000000e+01 8.000000000000000000e+02
1.300000000000000000e+02 1.000000000000000000e+01 5.000000000000000000e+02
1.300000000000000000e+02 1.000000000000000000e+01 6.000000000000000000e+02
1.300000000000000000e+02 1.000000000000000000e+01 1.000000000000000000e+01
1.250000000000000000e+02 6.000000000000000000e+01 7.000000000000000000e+02
1.300000000000000000e+02 2.000000000000000000e+01 7.000000000000000000e+02
1.300000000000000000e+02 1.000000000000000000e+01 8.000000000000000000e+02
1.300000000000000000e+02 1.000000000000000000e+01 2.000000000000000000e+02
1.300000000000000000e+02 1.000000000000000000e+01 3.000000000000000000e+02
1.300000000000000000e+02 1.000000000000000000e+01 1.000000000000000000e+02
1.300000000000000000e+02 2.500000000000000000e+01 8.000000000000000000e+02
1.300000000000000000e+02 3.000000000000000000e+01 5.000000000000000000e+02
1.300000000000000000e+02 2.000000000000000000e+01 1.000000000000000000e+01
1.300000000000000000e+02 2.500000000000000000e+01 7.000000000000000000e+02
1.300000000000000000e+02 3.000000000000000000e+01 1.000000000000000000e+01
1.300000000000000000e+02 2.500000000000000000e+01 5.000000000000000000e+02
1.300000000000000000e+02 3.000000000000000000e+01 6.000000000000000000e+02
1.300000000000000000e+02 2.500000000000000000e+01 2.000000000000000000e+02
1.300000000000000000e+02 2.500000000000000000e+01 5.000000000000000000e+01
1.300000000000000000e+02 2.500000000000000000e+01 3.000000000000000000e+02
1.300000000000000000e+02 2.000000000000000000e+01 6.000000000000000000e+02
1.300000000000000000e+02 3.000000000000000000e+01 3.000000000000000000e+02
1.300000000000000000e+02 3.000000000000000000e+01 1.000000000000000000e+02
1.300000000000000000e+02 3.000000000000000000e+01 2.000000000000000000e+02
1.300000000000000000e+02 3.000000000000000000e+01 5.000000000000000000e+01
1.300000000000000000e+02 3.000000000000000000e+01 7.000000000000000000e+02
1.300000000000000000e+02 4.500000000000000000e+01 1.000000000000000000e+02
1.300000000000000000e+02 4.500000000000000000e+01 5.000000000000000000e+01
1.300000000000000000e+02 4.500000000000000000e+01 6.000000000000000000e+02
1.300000000000000000e+02 4.500000000000000000e+01 1.000000000000000000e+01
1.300000000000000000e+02 4.500000000000000000e+01 3.000000000000000000e+02
1.300000000000000000e+02 4.500000000000000000e+01 2.000000000000000000e+02
1.300000000000000000e+02 6.000000000000000000e+01 6.000000000000000000e+02
1.300000000000000000e+02 6.000000000000000000e+01 2.000000000000000000e+02
1.300000000000000000e+02 6.000000000000000000e+01 3.000000000000000000e+02
1.300000000000000000e+02 6.000000000000000000e+01 8.000000000000000000e+02
1.400000000000000000e+02 2.000000000000000000e+01 1.000000000000000000e+02
1.400000000000000000e+02 1.000000000000000000e+01 2.000000000000000000e+02
1.400000000000000000e+02 1.000000000000000000e+01 1.000000000000000000e+01
1.300000000000000000e+02 6.000000000000000000e+01 1.000000000000000000e+02
1.300000000000000000e+02 6.000000000000000000e+01 5.000000000000000000e+02
1.400000000000000000e+02 3.000000000000000000e+01 1.000000000000000000e+02
1.400000000000000000e+02 2.500000000000000000e+01 1.000000000000000000e+02
1.400000000000000000e+02 1.000000000000000000e+01 6.000000000000000000e+02
1.400000000000000000e+02 1.000000000000000000e+01 8.000000000000000000e+02
1.400000000000000000e+02 2.500000000000000000e+01 8.000000000000000000e+02
1.400000000000000000e+02 2.500000000000000000e+01 5.000000000000000000e+01
1.400000000000000000e+02 2.000000000000000000e+01 6.000000000000000000e+02
1.400000000000000000e+02 3.000000000000000000e+01 3.000000000000000000e+02
1.400000000000000000e+02 3.000000000000000000e+01 1.000000000000000000e+01
1.400000000000000000e+02 3.000000000000000000e+01 6.000000000000000000e+02
1.400000000000000000e+02 3.000000000000000000e+01 2.000000000000000000e+02
1.400000000000000000e+02 2.500000000000000000e+01 3.000000000000000000e+02
1.400000000000000000e+02 3.000000000000000000e+01 7.000000000000000000e+02
1.400000000000000000e+02 3.000000000000000000e+01 5.000000000000000000e+01
1.400000000000000000e+02 3.000000000000000000e+01 5.000000000000000000e+02
1.400000000000000000e+02 2.500000000000000000e+01 7.000000000000000000e+02
1.400000000000000000e+02 4.500000000000000000e+01 3.000000000000000000e+02
1.400000000000000000e+02 4.500000000000000000e+01 5.000000000000000000e+01
1.400000000000000000e+02 4.500000000000000000e+01 2.000000000000000000e+02
1.400000000000000000e+02 2.500000000000000000e+01 5.000000000000000000e+02
1.400000000000000000e+02 3.000000000000000000e+01 8.000000000000000000e+02
1.400000000000000000e+02 4.500000000000000000e+01 1.000000000000000000e+02
1.400000000000000000e+02 2.500000000000000000e+01 6.000000000000000000e+02
1.400000000000000000e+02 4.500000000000000000e+01 1.000000000000000000e+01
1.400000000000000000e+02 6.000000000000000000e+01 1.000000000000000000e+01
1.400000000000000000e+02 4.500000000000000000e+01 7.000000000000000000e+02
1.400000000000000000e+02 6.000000000000000000e+01 7.000000000000000000e+02
1.500000000000000000e+02 2.000000000000000000e+01 3.000000000000000000e+02
1.500000000000000000e+02 2.000000000000000000e+01 7.000000000000000000e+02
1.500000000000000000e+02 1.000000000000000000e+01 3.000000000000000000e+02
1.500000000000000000e+02 2.500000000000000000e+01 1.000000000000000000e+01
1.500000000000000000e+02 2.500000000000000000e+01 6.000000000000000000e+02
1.500000000000000000e+02 2.000000000000000000e+01 2.000000000000000000e+02
1.500000000000000000e+02 2.500000000000000000e+01 5.000000000000000000e+01
1.500000000000000000e+02 2.500000000000000000e+01 3.000000000000000000e+02
1.500000000000000000e+02 2.500000000000000000e+01 5.000000000000000000e+02
1.500000000000000000e+02 2.500000000000000000e+01 2.000000000000000000e+02
1.500000000000000000e+02 2.500000000000000000e+01 7.000000000000000000e+02
1.500000000000000000e+02 2.000000000000000000e+01 6.000000000000000000e+02
1.400000000000000000e+02 4.500000000000000000e+01 8.000000000000000000e+02
1.400000000000000000e+02 4.500000000000000000e+01 6.000000000000000000e+02
1.400000000000000000e+02 6.000000000000000000e+01 1.000000000000000000e+02
1.400000000000000000e+02 6.000000000000000000e+01 3.000000000000000000e+02
1.400000000000000000e+02 6.000000000000000000e+01 5.000000000000000000e+01
1.500000000000000000e+02 2.000000000000000000e+01 1.000000000000000000e+01
1.400000000000000000e+02 6.000000000000000000e+01 8.000000000000000000e+02
1.500000000000000000e+02 1.000000000000000000e+01 2.000000000000000000e+02
1.500000000000000000e+02 1.000000000000000000e+01 1.000000000000000000e+02
1.500000000000000000e+02 1.000000000000000000e+01 5.000000000000000000e+01
1.500000000000000000e+02 1.000000000000000000e+01 7.000000000000000000e+02
1.500000000000000000e+02 2.500000000000000000e+01 8.000000000000000000e+02
1.500000000000000000e+02 2.000000000000000000e+01 5.000000000000000000e+02
1.500000000000000000e+02 2.000000000000000000e+01 8.000000000000000000e+02
1.500000000000000000e+02 2.500000000000000000e+01 1.000000000000000000e+02
1.500000000000000000e+02 3.000000000000000000e+01 5.000000000000000000e+01
1.500000000000000000e+02 3.000000000000000000e+01 2.000000000000000000e+02
1.500000000000000000e+02 4.500000000000000000e+01 1.000000000000000000e+02
1.500000000000000000e+02 3.000000000000000000e+01 3.000000000000000000e+02
1.500000000000000000e+02 3.000000000000000000e+01 6.000000000000000000e+02
1.600000000000000000e+02 1.000000000000000000e+01 1.000000000000000000e+02
1.500000000000000000e+02 4.500000000000000000e+01 8.000000000000000000e+02
1.500000000000000000e+02 4.500000000000000000e+01 3.000000000000000000e+02
1.500000000000000000e+02 6.000000000000000000e+01 8.000000000000000000e+02
1.500000000000000000e+02 4.500000000000000000e+01 7.000000000000000000e+02
1.600000000000000000e+02 1.000000000000000000e+01 1.000000000000000000e+01
1.500000000000000000e+02 4.500000000000000000e+01 5.000000000000000000e+02
1.500000000000000000e+02 3.000000000000000000e+01 8.000000000000000000e+02
1.500000000000000000e+02 3.000000000000000000e+01 1.000000000000000000e+02
1.600000000000000000e+02 1.000000000000000000e+01 6.000000000000000000e+02
1.600000000000000000e+02 1.000000000000000000e+01 5.000000000000000000e+01
1.500000000000000000e+02 6.000000000000000000e+01 6.000000000000000000e+02
1.600000000000000000e+02 1.000000000000000000e+01 5.000000000000000000e+02
1.500000000000000000e+02 6.000000000000000000e+01 1.000000000000000000e+02
1.600000000000000000e+02 2.000000000000000000e+01 2.000000000000000000e+02
1.600000000000000000e+02 2.000000000000000000e+01 3.000000000000000000e+02
1.600000000000000000e+02 2.000000000000000000e+01 1.000000000000000000e+01
1.500000000000000000e+02 6.000000000000000000e+01 5.000000000000000000e+01
1.600000000000000000e+02 1.000000000000000000e+01 7.000000000000000000e+02
1.600000000000000000e+02 1.000000000000000000e+01 8.000000000000000000e+02
1.600000000000000000e+02 2.000000000000000000e+01 1.000000000000000000e+02
1.600000000000000000e+02 1.000000000000000000e+01 2.000000000000000000e+02
1.600000000000000000e+02 1.000000000000000000e+01 3.000000000000000000e+02
1.500000000000000000e+02 4.500000000000000000e+01 6.000000000000000000e+02
1.500000000000000000e+02 4.500000000000000000e+01 1.000000000000000000e+01
1.500000000000000000e+02 3.000000000000000000e+01 5.000000000000000000e+02
1.500000000000000000e+02 4.500000000000000000e+01 5.000000000000000000e+01
1.500000000000000000e+02 6.000000000000000000e+01 3.000000000000000000e+02
1.500000000000000000e+02 6.000000000000000000e+01 2.000000000000000000e+02
1.500000000000000000e+02 6.000000000000000000e+01 5.000000000000000000e+02
1.500000000000000000e+02 6.000000000000000000e+01 7.000000000000000000e+02
1.600000000000000000e+02 2.500000000000000000e+01 1.000000000000000000e+02
1.600000000000000000e+02 2.500000000000000000e+01 7.000000000000000000e+02
1.600000000000000000e+02 3.000000000000000000e+01 3.000000000000000000e+02
1.600000000000000000e+02 2.500000000000000000e+01 3.000000000000000000e+02
1.600000000000000000e+02 3.000000000000000000e+01 5.000000000000000000e+01
1.600000000000000000e+02 2.000000000000000000e+01 5.000000000000000000e+02
1.600000000000000000e+02 2.500000000000000000e+01 6.000000000000000000e+02
1.600000000000000000e+02 3.000000000000000000e+01 1.000000000000000000e+01
1.600000000000000000e+02 2.500000000000000000e+01 1.000000000000000000e+01
1.600000000000000000e+02 2.000000000000000000e+01 6.000000000000000000e+02
1.600000000000000000e+02 2.000000000000000000e+01 7.000000000000000000e+02
1.600000000000000000e+02 2.500000000000000000e+01 8.000000000000000000e+02
1.600000000000000000e+02 3.000000000000000000e+01 7.000000000000000000e+02
1.600000000000000000e+02 6.000000000000000000e+01 7.000000000000000000e+02
1.600000000000000000e+02 6.000000000000000000e+01 2.000000000000000000e+02
1.600000000000000000e+02 4.500000000000000000e+01 2.000000000000000000e+02
1.600000000000000000e+02 6.000000000000000000e+01 3.000000000000000000e+02
1.600000000000000000e+02 4.500000000000000000e+01 5.000000000000000000e+01
1.700000000000000000e+02 1.000000000000000000e+01 5.000000000000000000e+02
1.700000000000000000e+02 1.000000000000000000e+01 1.000000000000000000e+02
1.600000000000000000e+02 4.500000000000000000e+01 5.000000000000000000e+02
1.600000000000000000e+02 4.500000000000000000e+01 8.000000000000000000e+02
1.600000000000000000e+02 6.000000000000000000e+01 6.000000000000000000e+02
1.700000000000000000e+02 1.000000000000000000e+01 5.000000000000000000e+01
1.600000000000000000e+02 4.500000000000000000e+01 1.000000000000000000e+02
1.600000000000000000e+02 6.000000000000000000e+01 8.000000000000000000e+02
1.700000000000000000e+02 1.000000000000000000e+01 6.000000000000000000e+02
1.600000000000000000e+02 6.000000000000000000e+01 5.000000000000000000e+02
1.700000000000000000e+02 1.000000000000000000e+01 7.000000000000000000e+02
1.700000000000000000e+02 1.000000000000000000e+01 2.000000000000000000e+02
1.700000000000000000e+02 1.000000000000000000e+01 8.000000000000000000e+02
1.700000000000000000e+02 1.000000000000000000e+01 1.000000000000000000e+01
1.700000000000000000e+02 1.000000000000000000e+01 3.000000000000000000e+02
1.500000000000000000e+02 3.000000000000000000e+01 7.000000000000000000e+02
1.500000000000000000e+02 4.500000000000000000e+01 2.000000000000000000e+02
1.600000000000000000e+02 2.500000000000000000e+01 5.000000000000000000e+01
1.600000000000000000e+02 2.500000000000000000e+01 5.000000000000000000e+02
1.600000000000000000e+02 3.000000000000000000e+01 2.000000000000000000e+02
1.600000000000000000e+02 3.000000000000000000e+01 5.000000000000000000e+02
1.600000000000000000e+02 3.000000000000000000e+01 8.000000000000000000e+02
1.600000000000000000e+02 6.000000000000000000e+01 1.000000000000000000e+02
1.600000000000000000e+02 4.500000000000000000e+01 3.000000000000000000e+02
1.600000000000000000e+02 4.500000000000000000e+01 1.000000000000000000e+01
1.600000000000000000e+02 4.500000000000000000e+01 7.000000000000000000e+02
1.700000000000000000e+02 2.000000000000000000e+01 7.000000000000000000e+02
1.700000000000000000e+02 2.500000000000000000e+01 2.000000000000000000e+02
1.700000000000000000e+02 2.000000000000000000e+01 3.000000000000000000e+02
1.700000000000000000e+02 2.000000000000000000e+01 1.000000000000000000e+02
1.700000000000000000e+02 2.500000000000000000e+01 7.000000000000000000e+02
1.700000000000000000e+02 2.500000000000000000e+01 5.000000000000000000e+01
1.700000000000000000e+02 2.500000000000000000e+01 3.000000000000000000e+02
1.700000000000000000e+02 2.500000000000000000e+01 6.000000000000000000e+02
1.700000000000000000e+02 2.000000000000000000e+01 1.000000000000000000e+01
1.700000000000000000e+02 2.000000000000000000e+01 5.000000000000000000e+02
1.700000000000000000e+02 2.000000000000000000e+01 6.000000000000000000e+02
1.700000000000000000e+02 2.000000000000000000e+01 2.000000000000000000e+02
1.700000000000000000e+02 2.500000000000000000e+01 1.000000000000000000e+01
1.700000000000000000e+02 2.500000000000000000e+01 5.000000000000000000e+02
1.700000000000000000e+02 2.500000000000000000e+01 1.000000000000000000e+02
1.700000000000000000e+02 2.000000000000000000e+01 8.000000000000000000e+02
1.700000000000000000e+02 3.000000000000000000e+01 1.000000000000000000e+02
1.700000000000000000e+02 3.000000000000000000e+01 1.000000000000000000e+01
1.700000000000000000e+02 2.500000000000000000e+01 8.000000000000000000e+02
1.700000000000000000e+02 3.000000000000000000e+01 6.000000000000000000e+02
1.700000000000000000e+02 4.500000000000000000e+01 3.000000000000000000e+02
1.700000000000000000e+02 3.000000000000000000e+01 5.000000000000000000e+01
1.700000000000000000e+02 4.500000000000000000e+01 2.000000000000000000e+02
1.700000000000000000e+02 3.000000000000000000e+01 7.000000000000000000e+02
1.700000000000000000e+02 4.500000000000000000e+01 5.000000000000000000e+01
1.700000000000000000e+02 4.500000000000000000e+01 7.000000000000000000e+02
1.700000000000000000e+02 4.500000000000000000e+01 6.000000000000000000e+02
1.700000000000000000e+02 6.000000000000000000e+01 1.000000000000000000e+02
1.700000000000000000e+02 6.000000000000000000e+01 2.000000000000000000e+02
1.700000000000000000e+02 4.500000000000000000e+01 5.000000000000000000e+02
1.700000000000000000e+02 6.000000000000000000e+01 3.000000000000000000e+02
1.700000000000000000e+02 6.000000000000000000e+01 5.000000000000000000e+02
1.700000000000000000e+02 6.000000000000000000e+01 5.000000000000000000e+01
2.000000000000000000e+02 1.000000000000000000e+01 5.000000000000000000e+01
1.700000000000000000e+02 4.500000000000000000e+01 8.000000000000000000e+02
2.000000000000000000e+02 1.000000000000000000e+01 3.000000000000000000e+02
1.700000000000000000e+02 6.000000000000000000e+01 6.000000000000000000e+02
2.000000000000000000e+02 1.000000000000000000e+01 1.000000000000000000e+01
2.000000000000000000e+02 1.000000000000000000e+01 8.000000000000000000e+02
2.000000000000000000e+02 2.000000000000000000e+01 1.000000000000000000e+02
2.000000000000000000e+02 2.000000000000000000e+01 1.000000000000000000e+01
1.700000000000000000e+02 6.000000000000000000e+01 7.000000000000000000e+02
2.000000000000000000e+02 2.000000000000000000e+01 5.000000000000000000e+02
2.000000000000000000e+02 2.000000000000000000e+01 6.000000000000000000e+02
2.000000000000000000e+02 1.000000000000000000e+01 1.000000000000000000e+02
2.000000000000000000e+02 1.000000000000000000e+01 2.000000000000000000e+02
2.000000000000000000e+02 2.500000000000000000e+01 2.000000000000000000e+02
2.000000000000000000e+02 1.000000000000000000e+01 5.000000000000000000e+02
2.000000000000000000e+02 1.000000000000000000e+01 7.000000000000000000e+02
2.000000000000000000e+02 1.000000000000000000e+01 6.000000000000000000e+02
2.000000000000000000e+02 2.000000000000000000e+01 2.000000000000000000e+02
2.000000000000000000e+02 2.500000000000000000e+01 5.000000000000000000e+02
2.000000000000000000e+02 2.000000000000000000e+01 3.000000000000000000e+02
2.000000000000000000e+02 2.500000000000000000e+01 5.000000000000000000e+01
2.000000000000000000e+02 2.000000000000000000e+01 7.000000000000000000e+02
2.000000000000000000e+02 2.500000000000000000e+01 1.000000000000000000e+02
2.000000000000000000e+02 2.000000000000000000e+01 8.000000000000000000e+02
2.000000000000000000e+02 2.500000000000000000e+01 1.000000000000000000e+01
2.000000000000000000e+02 2.500000000000000000e+01 3.000000000000000000e+02
2.000000000000000000e+02 2.500000000000000000e+01 6.000000000000000000e+02
2.000000000000000000e+02 3.000000000000000000e+01 2.000000000000000000e+02
2.000000000000000000e+02 2.500000000000000000e+01 8.000000000000000000e+02
2.000000000000000000e+02 3.000000000000000000e+01 7.000000000000000000e+02
2.000000000000000000e+02 3.000000000000000000e+01 1.000000000000000000e+02
2.000000000000000000e+02 3.000000000000000000e+01 1.000000000000000000e+01
2.000000000000000000e+02 4.500000000000000000e+01 3.000000000000000000e+02
2.000000000000000000e+02 4.500000000000000000e+01 5.000000000000000000e+02
8.000000000000000000e+01 4.500000000000000000e+01 3.000000000000000000e+02
2.000000000000000000e+02 6.000000000000000000e+01 7.000000000000000000e+02
8.000000000000000000e+01 6.000000000000000000e+01 3.000000000000000000e+02
8.000000000000000000e+01 2.500000000000000000e+01 3.000000000000000000e+02
2.000000000000000000e+02 4.500000000000000000e+01 6.000000000000000000e+02
2.000000000000000000e+02 4.500000000000000000e+01 5.000000000000000000e+01
2.000000000000000000e+02 6.000000000000000000e+01 6.000000000000000000e+02
2.000000000000000000e+02 6.000000000000000000e+01 5.000000000000000000e+02
9.000000000000000000e+01 1.000000000000000000e+01 3.000000000000000000e+02
2.000000000000000000e+02 6.000000000000000000e+01 2.000000000000000000e+02
2.000000000000000000e+02 6.000000000000000000e+01 8.000000000000000000e+02
2.000000000000000000e+02 6.000000000000000000e+01 5.000000000000000000e+01
8.000000000000000000e+01 1.000000000000000000e+01 3.000000000000000000e+02
9.000000000000000000e+01 2.500000000000000000e+01 3.000000000000000000e+02
9.000000000000000000e+01 4.500000000000000000e+01 3.000000000000000000e+02
9.000000000000000000e+01 3.000000000000000000e+01 3.000000000000000000e+02
8.000000000000000000e+01 2.000000000000000000e+01 3.000000000000000000e+02
8.000000000000000000e+01 3.000000000000000000e+01 3.000000000000000000e+02
9.000000000000000000e+01 2.000000000000000000e+01 3.000000000000000000e+02
9.500000000000000000e+01 6.000000000000000000e+01 3.000000000000000000e+02
9.500000000000000000e+01 1.000000000000000000e+01 3.000000000000000000e+02
9.000000000000000000e+01 1.000000000000000000e+01 2.000000000000000000e+02
9.000000000000000000e+01 3.000000000000000000e+01 2.000000000000000000e+02
9.000000000000000000e+01 1.000000000000000000e+01 5.000000000000000000e+01
9.500000000000000000e+01 4.500000000000000000e+01 3.000000000000000000e+02
9.000000000000000000e+01 1.000000000000000000e+01 7.000000000000000000e+02
9.000000000000000000e+01 2.500000000000000000e+01 7.000000000000000000e+02
9.000000000000000000e+01 2.500000000000000000e+01 2.000000000000000000e+02
9.000000000000000000e+01 2.000000000000000000e+01 5.000000000000000000e+02
9.000000000000000000e+01 2.500000000000000000e+01 1.000000000000000000e+01
9.000000000000000000e+01 2.000000000000000000e+01 8.000000000000000000e+02
9.000000000000000000e+01 2.500000000000000000e+01 1.000000000000000000e+02
9.000000000000000000e+01 2.500000000000000000e+01 6.000000000000000000e+02
9.000000000000000000e+01 3.000000000000000000e+01 1.000000000000000000e+02
9.000000000000000000e+01 2.500000000000000000e+01 5.000000000000000000e+02
9.000000000000000000e+01 2.000000000000000000e+01 1.000000000000000000e+02
9.000000000000000000e+01 2.500000000000000000e+01 8.000000000000000000e+02
9.000000000000000000e+01 3.000000000000000000e+01 6.000000000000000000e+02
9.000000000000000000e+01 3.000000000000000000e+01 8.000000000000000000e+02
9.000000000000000000e+01 3.000000000000000000e+01 1.000000000000000000e+01
9.000000000000000000e+01 3.000000000000000000e+01 5.000000000000000000e+01
9.000000000000000000e+01 2.000000000000000000e+01 2.000000000000000000e+02
9.000000000000000000e+01 3.000000000000000000e+01 5.000000000000000000e+02
9.000000000000000000e+01 3.000000000000000000e+01 7.000000000000000000e+02
9.000000000000000000e+01 2.500000000000000000e+01 5.000000000000000000e+01
9.000000000000000000e+01 4.500000000000000000e+01 1.000000000000000000e+01
9.000000000000000000e+01 4.500000000000000000e+01 7.000000000000000000e+02
9.000000000000000000e+01 4.500000000000000000e+01 8.000000000000000000e+02
9.000000000000000000e+01 4.500000000000000000e+01 5.000000000000000000e+02
9.000000000000000000e+01 6.000000000000000000e+01 1.000000000000000000e+01
9.000000000000000000e+01 4.500000000000000000e+01 5.000000000000000000e+01
9.000000000000000000e+01 4.500000000000000000e+01 6.000000000000000000e+02
9.000000000000000000e+01 6.000000000000000000e+01 1.000000000000000000e+02
9.000000000000000000e+01 6.000000000000000000e+01 5.000000000000000000e+02
9.500000000000000000e+01 1.000000000000000000e+01 1.000000000000000000e+02
9.500000000000000000e+01 1.000000000000000000e+01 5.000000000000000000e+02
9.500000000000000000e+01 1.000000000000000000e+01 1.000000000000000000e+01
9.000000000000000000e+01 6.000000000000000000e+01 6.000000000000000000e+02
9.000000000000000000e+01 6.000000000000000000e+01 7.000000000000000000e+02
9.500000000000000000e+01 1.000000000000000000e+01 6.000000000000000000e+02
9.500000000000000000e+01 2.000000000000000000e+01 1.000000000000000000e+02
9.500000000000000000e+01 1.000000000000000000e+01 2.000000000000000000e+02
9.500000000000000000e+01 1.000000000000000000e+01 7.000000000000000000e+02
9.500000000000000000e+01 2.000000000000000000e+01 8.000000000000000000e+02
9.500000000000000000e+01 2.500000000000000000e+01 1.000000000000000000e+02
9.500000000000000000e+01 4.500000000000000000e+01 1.000000000000000000e+01
9.500000000000000000e+01 3.000000000000000000e+01 7.000000000000000000e+02
9.500000000000000000e+01 3.000000000000000000e+01 5.000000000000000000e+02
9.500000000000000000e+01 2.500000000000000000e+01 2.000000000000000000e+02
9.500000000000000000e+01 3.000000000000000000e+01 6.000000000000000000e+02
9.500000000000000000e+01 1.000000000000000000e+01 8.000000000000000000e+02
9.500000000000000000e+01 3.000000000000000000e+01 1.000000000000000000e+02
9.500000000000000000e+01 2.500000000000000000e+01 6.000000000000000000e+02
9.500000000000000000e+01 2.500000000000000000e+01 5.000000000000000000e+02
9.500000000000000000e+01 3.000000000000000000e+01 5.000000000000000000e+01
9.500000000000000000e+01 2.500000000000000000e+01 1.000000000000000000e+01
9.500000000000000000e+01 2.500000000000000000e+01 8.000000000000000000e+02
9.500000000000000000e+01 4.500000000000000000e+01 6.000000000000000000e+02
9.500000000000000000e+01 3.000000000000000000e+01 1.000000000000000000e+01
9.500000000000000000e+01 2.000000000000000000e+01 6.000000000000000000e+02
9.500000000000000000e+01 2.500000000000000000e+01 7.000000000000000000e+02
9.500000000000000000e+01 3.000000000000000000e+01 2.000000000000000000e+02
9.500000000000000000e+01 2.500000000000000000e+01 5.000000000000000000e+01
9.500000000000000000e+01 6.000000000000000000e+01 1.000000000000000000e+02
9.500000000000000000e+01 6.000000000000000000e+01 1.000000000000000000e+01
9.500000000000000000e+01 4.500000000000000000e+01 7.000000000000000000e+02
9.500000000000000000e+01 4.500000000000000000e+01 8.000000000000000000e+02
9.500000000000000000e+01 4.500000000000000000e+01 1.000000000000000000e+02
9.500000000000000000e+01 4.500000000000000000e+01 2.000000000000000000e+02
9.500000000000000000e+01 6.000000000000000000e+01 5.000000000000000000e+01
9.500000000000000000e+01 4.500000000000000000e+01 5.000000000000000000e+01
9.500000000000000000e+01 4.500000000000000000e+01 5.000000000000000000e+02
1.150000000000000000e+02 2.000000000000000000e+01 5.000000000000000000e+01
1.800000000000000000e+01 1.000000000000000000e+01 1.000000000000000000e+01
4.500000000000000000e+01 2.500000000000000000e+01 1.000000000000000000e+01
4.500000000000000000e+01 1.000000000000000000e+01 2.000000000000000000e+02
3.500000000000000000e+01 6.000000000000000000e+01 1.000000000000000000e+02
5.500000000000000000e+01 1.000000000000000000e+01 1.000000000000000000e+02
3.500000000000000000e+01 2.000000000000000000e+01 1.000000000000000000e+01
4.000000000000000000e+01 1.000000000000000000e+01 7.000000000000000000e+02
5.000000000000000000e+01 2.500000000000000000e+01 5.000000000000000000e+02
4.000000000000000000e+01 2.000000000000000000e+01 2.000000000000000000e+02
4.500000000000000000e+01 2.500000000000000000e+01 7.000000000000000000e+02
2.500000000000000000e+01 4.500000000000000000e+01 5.000000000000000000e+02
5.000000000000000000e+01 2.500000000000000000e+01 2.000000000000000000e+02
4.500000000000000000e+01 2.000000000000000000e+01 8.000000000000000000e+02
5.000000000000000000e+01 2.000000000000000000e+01 2.000000000000000000e+02
5.000000000000000000e+01 4.500000000000000000e+01 7.000000000000000000e+02
4.000000000000000000e+01 2.500000000000000000e+01 7.000000000000000000e+02
3.500000000000000000e+01 1.000000000000000000e+01 8.000000000000000000e+02
5.000000000000000000e+01 6.000000000000000000e+01 2.000000000000000000e+02
3.500000000000000000e+01 1.000000000000000000e+01 5.000000000000000000e+01
4.500000000000000000e+01 2.000000000000000000e+01 6.000000000000000000e+02
5.000000000000000000e+01 3.000000000000000000e+01 5.000000000000000000e+01
4.500000000000000000e+01 1.000000000000000000e+01 1.000000000000000000e+02
4.500000000000000000e+01 3.000000000000000000e+01 1.000000000000000000e+01
4.500000000000000000e+01 2.500000000000000000e+01 6.000000000000000000e+02
5.000000000000000000e+01 3.000000000000000000e+01 6.000000000000000000e+02
4.000000000000000000e+01 1.000000000000000000e+01 6.000000000000000000e+02
5.500000000000000000e+01 2.000000000000000000e+01 1.000000000000000000e+01
2.000000000000000000e+02 6.000000000000000000e+01 1.000000000000000000e+02
1.250000000000000000e+02 2.000000000000000000e+01 2.000000000000000000e+02
1.250000000000000000e+02 2.000000000000000000e+01 3.000000000000000000e+02
1.250000000000000000e+02 2.500000000000000000e+01 5.000000000000000000e+02
9.000000000000000000e+01 4.500000000000000000e+01 1.000000000000000000e+02
1.500000000000000000e+02 1.000000000000000000e+01 5.000000000000000000e+02
1.050000000000000000e+02 2.500000000000000000e+01 2.000000000000000000e+02
1.400000000000000000e+02 2.000000000000000000e+01 3.000000000000000000e+02
1.050000000000000000e+02 2.500000000000000000e+01 1.000000000000000000e+01
1.600000000000000000e+02 3.000000000000000000e+01 1.000000000000000000e+02
1.300000000000000000e+02 2.000000000000000000e+01 5.000000000000000000e+02
2.000000000000000000e+02 6.000000000000000000e+01 3.000000000000000000e+02
1.400000000000000000e+02 6.000000000000000000e+01 2.000000000000000000e+02
1.400000000000000000e+02 2.000000000000000000e+01 1.000000000000000000e+01
1.400000000000000000e+02 1.000000000000000000e+01 1.000000000000000000e+02
1.100000000000000000e+02 1.000000000000000000e+01 8.000000000000000000e+02
1.400000000000000000e+02 1.000000000000000000e+01 3.000000000000000000e+02
9.500000000000000000e+01 2.000000000000000000e+01 7.000000000000000000e+02
1.100000000000000000e+02 2.000000000000000000e+01 1.000000000000000000e+02
1.300000000000000000e+02 2.000000000000000000e+01 3.000000000000000000e+02
1.050000000000000000e+02 6.000000000000000000e+01 1.000000000000000000e+01
9.500000000000000000e+01 2.000000000000000000e+01 1.000000000000000000e+01
1.200000000000000000e+02 1.000000000000000000e+01 5.000000000000000000e+02
1.250000000000000000e+02 1.000000000000000000e+01 5.000000000000000000e+01
1.250000000000000000e+02 3.000000000000000000e+01 5.000000000000000000e+02
1.250000000000000000e+02 2.500000000000000000e+01 1.000000000000000000e+02
1.300000000000000000e+02 4.500000000000000000e+01 8.000000000000000000e+02
1.250000000000000000e+02 1.000000000000000000e+01 5.000000000000000000e+02
1.600000000000000000e+02 4.500000000000000000e+01 6.000000000000000000e+02
1.300000000000000000e+02 1.000000000000000000e+01 7.000000000000000000e+02
1.400000000000000000e+02 6.000000000000000000e+01 6.000000000000000000e+02
1.500000000000000000e+02 1.000000000000000000e+01 8.000000000000000000e+02
1.100000000000000000e+02 1.000000000000000000e+01 6.000000000000000000e+02
1.250000000000000000e+02 2.500000000000000000e+01 3.000000000000000000e+02
1.500000000000000000e+02 1.000000000000000000e+01 1.000000000000000000e+01
2.000000000000000000e+02 3.000000000000000000e+01 6.000000000000000000e+02
9.000000000000000000e+01 1.000000000000000000e+01 8.000000000000000000e+02
9.500000000000000000e+01 1.000000000000000000e+01 5.000000000000000000e+01
9.000000000000000000e+01 2.000000000000000000e+01 1.000000000000000000e+01
1.300000000000000000e+02 2.500000000000000000e+01 1.000000000000000000e+01
1.100000000000000000e+02 1.000000000000000000e+01 1.000000000000000000e+02
3.500000000000000000e+01 1.000000000000000000e+01 1.000000000000000000e+02
4.500000000000000000e+01 1.000000000000000000e+01 8.000000000000000000e+02
4.500000000000000000e+01 2.000000000000000000e+01 2.000000000000000000e+02
4.000000000000000000e+01 2.000000000000000000e+01 7.000000000000000000e+02
4.500000000000000000e+01 2.500000000000000000e+01 5.000000000000000000e+02
2.321000000000000085e+01 3.000000000000000000e+01 1.000000000000000000e+03
2.321000000000000085e+01 6.000000000000000000e+01 1.000000000000000000e+02
2.321000000000000085e+01 2.000000000000000000e+01 1.000000000000000000e+02
2.321000000000000085e+01 4.500000000000000000e+01 5.000000000000000000e+02
2.321000000000000085e+01 6.000000000000000000e+01 5.000000000000000000e+02
2.321000000000000085e+01 2.000000000000000000e+01 1.000000000000000000e+01
2.321000000000000085e+01 1.000000000000000000e+01 1.000000000000000000e+02
2.321000000000000085e+01 2.000000000000000000e+01 1.100000000000000000e+03
2.321000000000000085e+01 4.500000000000000000e+01 1.000000000000000000e+01
2.321000000000000085e+01 4.500000000000000000e+01 1.100000000000000000e+03
2.321000000000000085e+01 2.000000000000000000e+01 5.000000000000000000e+02
2.321000000000000085e+01 6.000000000000000000e+01 1.000000000000000000e+03
2.321000000000000085e+01 3.000000000000000000e+01 5.000000000000000000e+01
2.321000000000000085e+01 2.500000000000000000e+01 1.000000000000000000e+02
2.321000000000000085e+01 4.500000000000000000e+01 1.000000000000000000e+03
2.321000000000000085e+01 2.500000000000000000e+01 5.000000000000000000e+02
2.321000000000000085e+01 1.000000000000000000e+01 2.000000000000000000e+02
2.321000000000000085e+01 2.500000000000000000e+01 5.000000000000000000e+01
2.321000000000000085e+01 2.500000000000000000e+01 1.100000000000000000e+03
2.321000000000000085e+01 2.000000000000000000e+01 2.000000000000000000e+02
2.321000000000000085e+01 1.000000000000000000e+01 1.100000000000000000e+03
2.321000000000000085e+01 2.500000000000000000e+01 2.000000000000000000e+02
2.321000000000000085e+01 4.500000000000000000e+01 5.000000000000000000e+01
2.321000000000000085e+01 1.000000000000000000e+01 5.000000000000000000e+01
2.321000000000000085e+01 1.000000000000000000e+01 5.000000000000000000e+02
2.321000000000000085e+01 6.000000000000000000e+01 5.000000000000000000e+01
2.321000000000000085e+01 6.000000000000000000e+01 2.000000000000000000e+02
2.321000000000000085e+01 2.000000000000000000e+01 1.000000000000000000e+03
2.321000000000000085e+01 2.500000000000000000e+01 1.000000000000000000e+03
2.321000000000000085e+01 1.000000000000000000e+01 1.000000000000000000e+03
2.321000000000000085e+01 1.000000000000000000e+01 1.000000000000000000e+01
2.321000000000000085e+01 2.000000000000000000e+01 5.000000000000000000e+01
2.321000000000000085e+01 6.000000000000000000e+01 1.100000000000000000e+03
2.321000000000000085e+01 3.000000000000000000e+01 1.100000000000000000e+03
2.321000000000000085e+01 3.000000000000000000e+01 1.000000000000000000e+01
2.321000000000000085e+01 3.000000000000000000e+01 1.000000000000000000e+02
2.321000000000000085e+01 4.500000000000000000e+01 1.000000000000000000e+02
2.321000000000000085e+01 3.000000000000000000e+01 2.000000000000000000e+02
2.321000000000000085e+01 2.500000000000000000e+01 1.000000000000000000e+01
2.321000000000000085e+01 6.000000000000000000e+01 1.000000000000000000e+01
2.321000000000000085e+01 3.000000000000000000e+01 5.000000000000000000e+02
2.321000000000000085e+01 4.500000000000000000e+01 2.000000000000000000e+02
1.050000000000000000e+02 4.500000000000000000e+01 7.000000000000000000e+02
2.000000000000000000e+02 4.500000000000000000e+01 1.000000000000000000e+02
1.100000000000000000e+02 3.000000000000000000e+01 5.000000000000000000e+02
1.050000000000000000e+02 4.500000000000000000e+01 1.000000000000000000e+01
1.400000000000000000e+02 2.000000000000000000e+01 7.000000000000000000e+02
1.500000000000000000e+02 3.000000000000000000e+01 1.000000000000000000e+01
1.400000000000000000e+02 2.000000000000000000e+01 2.000000000000000000e+02
1.250000000000000000e+02 2.000000000000000000e+01 6.000000000000000000e+02
9.000000000000000000e+01 6.000000000000000000e+01 5.000000000000000000e+01
1.000000000000000000e+02 4.500000000000000000e+01 5.000000000000000000e+01
9.000000000000000000e+01 1.000000000000000000e+01 5.000000000000000000e+02
1.100000000000000000e+02 4.500000000000000000e+01 2.000000000000000000e+02
9.500000000000000000e+01 2.000000000000000000e+01 2.000000000000000000e+02
1.250000000000000000e+02 2.500000000000000000e+01 6.000000000000000000e+02
2.000000000000000000e+02 3.000000000000000000e+01 3.000000000000000000e+02
1.050000000000000000e+02 2.000000000000000000e+01 3.000000000000000000e+02
1.250000000000000000e+02 2.000000000000000000e+01 8.000000000000000000e+02
2.000000000000000000e+02 3.000000000000000000e+01 5.000000000000000000e+01
1.700000000000000000e+02 4.500000000000000000e+01 1.000000000000000000e+01
1.400000000000000000e+02 2.000000000000000000e+01 8.000000000000000000e+02
1.050000000000000000e+02 6.000000000000000000e+01 2.000000000000000000e+02
1.400000000000000000e+02 2.500000000000000000e+01 2.000000000000000000e+02
1.700000000000000000e+02 3.000000000000000000e+01 8.000000000000000000e+02
1.000000000000000000e+02 6.000000000000000000e+01 5.000000000000000000e+01
1.700000000000000000e+02 3.000000000000000000e+01 2.000000000000000000e+02
1.250000000000000000e+02 2.500000000000000000e+01 2.000000000000000000e+02
9.000000000000000000e+01 1.000000000000000000e+01 6.000000000000000000e+02
1.600000000000000000e+02 2.500000000000000000e+01 2.000000000000000000e+02
1.050000000000000000e+02 1.000000000000000000e+01 8.000000000000000000e+02
1.300000000000000000e+02 1.000000000000000000e+01 5.000000000000000000e+01
1.300000000000000000e+02 6.000000000000000000e+01 5.000000000000000000e+01
1.200000000000000000e+02 1.000000000000000000e+01 8.000000000000000000e+02
9.500000000000000000e+01 2.000000000000000000e+01 3.000000000000000000e+02
1.100000000000000000e+02 6.000000000000000000e+01 1.000000000000000000e+02
1.400000000000000000e+02 4.500000000000000000e+01 5.000000000000000000e+02
1.600000000000000000e+02 3.000000000000000000e+01 6.000000000000000000e+02
1.300000000000000000e+02 2.000000000000000000e+01 1.000000000000000000e+02
1.050000000000000000e+02 1.000000000000000000e+01 7.000000000000000000e+02
2.000000000000000000e+02 2.500000000000000000e+01 7.000000000000000000e+02
1.100000000000000000e+02 1.000000000000000000e+01 5.000000000000000000e+02
1.300000000000000000e+02 4.500000000000000000e+01 5.000000000000000000e+02
1.250000000000000000e+02 1.000000000000000000e+01 8.000000000000000000e+02
1.100000000000000000e+02 3.000000000000000000e+01 5.000000000000000000e+01
1.250000000000000000e+02 1.000000000000000000e+01 6.000000000000000000e+02
1.700000000000000000e+02 3.000000000000000000e+01 5.000000000000000000e+02
1.050000000000000000e+02 4.500000000000000000e+01 8.000000000000000000e+02
1.100000000000000000e+02 4.500000000000000000e+01 1.000000000000000000e+02
1.050000000000000000e+02 2.000000000000000000e+01 5.000000000000000000e+02
1.500000000000000000e+02 1.000000000000000000e+01 6.000000000000000000e+02
1.050000000000000000e+02 2.500000000000000000e+01 5.000000000000000000e+01
1.050000000000000000e+02 4.500000000000000000e+01 6.000000000000000000e+02
1.250000000000000000e+02 6.000000000000000000e+01 5.000000000000000000e+01
1.300000000000000000e+02 4.500000000000000000e+01 7.000000000000000000e+02
1.400000000000000000e+02 2.000000000000000000e+01 5.000000000000000000e+02
1.600000000000000000e+02 6.000000000000000000e+01 5.000000000000000000e+01
9.000000000000000000e+01 6.000000000000000000e+01 3.000000000000000000e+02
1.400000000000000000e+02 1.000000000000000000e+01 5.000000000000000000e+01
1.100000000000000000e+02 2.000000000000000000e+01 1.000000000000000000e+01
1.050000000000000000e+02 2.000000000000000000e+01 7.000000000000000000e+02
1.250000000000000000e+02 1.000000000000000000e+01 3.000000000000000000e+02
1.600000000000000000e+02 2.000000000000000000e+01 8.000000000000000000e+02
1.700000000000000000e+02 6.000000000000000000e+01 8.000000000000000000e+02
9.000000000000000000e+01 6.000000000000000000e+01 8.000000000000000000e+02
9.000000000000000000e+01 2.000000000000000000e+01 7.000000000000000000e+02
1.100000000000000000e+02 6.000000000000000000e+01 2.000000000000000000e+02
2.000000000000000000e+02 4.500000000000000000e+01 8.000000000000000000e+02
9.000000000000000000e+01 4.500000000000000000e+01 2.000000000000000000e+02
1.300000000000000000e+02 2.000000000000000000e+01 2.000000000000000000e+02
9.000000000000000000e+01 6.000000000000000000e+01 2.000000000000000000e+02
9.500000000000000000e+01 2.000000000000000000e+01 5.000000000000000000e+02
1.100000000000000000e+02 6.000000000000000000e+01 3.000000000000000000e+02
1.700000000000000000e+02 3.000000000000000000e+01 3.000000000000000000e+02
9.000000000000000000e+01 1.000000000000000000e+01 1.000000000000000000e+01
1.300000000000000000e+02 6.000000000000000000e+01 1.000000000000000000e+01
9.500000000000000000e+01 2.500000000000000000e+01 3.000000000000000000e+02
1.300000000000000000e+02 3.000000000000000000e+01 8.000000000000000000e+02
2.000000000000000000e+02 4.500000000000000000e+01 7.000000000000000000e+02
1.500000000000000000e+02 2.000000000000000000e+01 1.000000000000000000e+02
9.500000000000000000e+01 3.000000000000000000e+01 3.000000000000000000e+02
1.300000000000000000e+02 2.500000000000000000e+01 6.000000000000000000e+02
1.050000000000000000e+02 2.000000000000000000e+01 8.000000000000000000e+02
1.050000000000000000e+02 1.000000000000000000e+01 1.000000000000000000e+02
1.400000000000000000e+02 6.000000000000000000e+01 5.000000000000000000e+02
1.000000000000000000e+02 6.000000000000000000e+01 8.000000000000000000e+02
1.050000000000000000e+02 2.500000000000000000e+01 8.000000000000000000e+02
1.400000000000000000e+02 2.500000000000000000e+01 1.000000000000000000e+01
1.100000000000000000e+02 2.500000000000000000e+01 5.000000000000000000e+01
1.100000000000000000e+02 3.000000000000000000e+01 7.000000000000000000e+02
1.050000000000000000e+02 2.000000000000000000e+01 6.000000000000000000e+02
1.700000000000000000e+02 4.500000000000000000e+01 1.000000000000000000e+02
9.500000000000000000e+01 3.000000000000000000e+01 8.000000000000000000e+02
2.000000000000000000e+02 4.500000000000000000e+01 2.000000000000000000e+02
1.000000000000000000e+02 1.000000000000000000e+01 1.000000000000000000e+01
1.100000000000000000e+02 2.500000000000000000e+01 7.000000000000000000e+02
9.000000000000000000e+01 1.000000000000000000e+01 1.000000000000000000e+02
1.300000000000000000e+02 2.500000000000000000e+01 1.000000000000000000e+02
1.300000000000000000e+02 2.000000000000000000e+01 8.000000000000000000e+02
1.100000000000000000e+02 4.500000000000000000e+01 3.000000000000000000e+02
1.400000000000000000e+02 1.000000000000000000e+01 7.000000000000000000e+02
2.000000000000000000e+02 3.000000000000000000e+01 8.000000000000000000e+02
1.100000000000000000e+02 3.000000000000000000e+01 2.000000000000000000e+02
1.050000000000000000e+02 1.000000000000000000e+01 3.000000000000000000e+02
1.050000000000000000e+02 6.000000000000000000e+01 7.000000000000000000e+02
1.050000000000000000e+02 1.000000000000000000e+01 1.000000000000000000e+01
1.000000000000000000e+02 3.000000000000000000e+01 2.000000000000000000e+02
2.000000000000000000e+02 3.000000000000000000e+01 5.000000000000000000e+02
1.300000000000000000e+02 6.000000000000000000e+01 7.000000000000000000e+02
1.250000000000000000e+02 2.000000000000000000e+01 5.000000000000000000e+02
1.050000000000000000e+02 1.000000000000000000e+01 6.000000000000000000e+02
1.100000000000000000e+02 4.500000000000000000e+01 6.000000000000000000e+02
9.000000000000000000e+01 2.000000000000000000e+01 6.000000000000000000e+02
1.100000000000000000e+02 1.000000000000000000e+01 7.000000000000000000e+02
1.000000000000000000e+02 6.000000000000000000e+01 1.000000000000000000e+01
1.400000000000000000e+02 1.000000000000000000e+01 5.000000000000000000e+02
