9.090000000000000000e+02
8.920000000000000000e+02
8.760000000000000000e+02
8.590000000000000000e+02
8.430000000000000000e+02
8.260000000000000000e+02
8.100000000000000000e+02
7.930000000000000000e+02
7.600000000000000000e+02
7.430000000000000000e+02
6.740000000000000000e+02
6.390000000000000000e+02
6.220000000000000000e+02
6.040000000000000000e+02
5.860000000000000000e+02
5.680000000000000000e+02
7.260000000000000000e+02
7.090000000000000000e+02
6.920000000000000000e+02
5.610000000000000000e+02
5.500000000000000000e+02
5.330000000000000000e+02
4.980000000000000000e+02
4.630000000000000000e+02
4.300000000000000000e+02
3.980000000000000000e+02
3.380000000000000000e+02
8.590000000000000000e+02
9.700000000000000000e+02
9.850000000000000000e+02
9.450000000000000000e+02
8.590000000000000000e+02
9.700000000000000000e+02
9.850000000000000000e+02
9.450000000000000000e+02
8.590000000000000000e+02
9.700000000000000000e+02
9.850000000000000000e+02
9.450000000000000000e+02
8.590000000000000000e+02
9.700000000000000000e+02
9.850000000000000000e+02
9.450000000000000000e+02
8.590000000000000000e+02
9.700000000000000000e+02
9.850000000000000000e+02
9.450000000000000000e+02
8.590000000000000000e+02
9.700000000000000000e+02
9.850000000000000000e+02
9.450000000000000000e+02
8.450000000000000000e+02
9.660000000000000000e+02
9.830000000000000000e+02
9.390000000000000000e+02
8.450000000000000000e+02
9.660000000000000000e+02
9.830000000000000000e+02
9.390000000000000000e+02
8.450000000000000000e+02
9.660000000000000000e+02
9.830000000000000000e+02
9.390000000000000000e+02
8.450000000000000000e+02
9.660000000000000000e+02
9.830000000000000000e+02
9.390000000000000000e+02
8.450000000000000000e+02
9.660000000000000000e+02
9.830000000000000000e+02
9.390000000000000000e+02
8.450000000000000000e+02
9.660000000000000000e+02
9.830000000000000000e+02
9.390000000000000000e+02
8.220000000000000000e+02
9.600000000000000000e+02
9.800000000000000000e+02
9.300000000000000000e+02
8.220000000000000000e+02
9.600000000000000000e+02
9.800000000000000000e+02
9.300000000000000000e+02
8.220000000000000000e+02
9.600000000000000000e+02
9.800000000000000000e+02
9.300000000000000000e+02
8.220000000000000000e+02
9.600000000000000000e+02
9.800000000000000000e+02
9.300000000000000000e+02
8.220000000000000000e+02
9.600000000000000000e+02
9.800000000000000000e+02
9.300000000000000000e+02
8.220000000000000000e+02
9.600000000000000000e+02
9.800000000000000000e+02
9.300000000000000000e+02
8.100000000000000000e+02
9.570000000000000000e+02
9.780000000000000000e+02
9.240000000000000000e+02
8.100000000000000000e+02
9.570000000000000000e+02
9.780000000000000000e+02
9.240000000000000000e+02
8.100000000000000000e+02
9.570000000000000000e+02
9.780000000000000000e+02
9.240000000000000000e+02
8.100000000000000000e+02
9.570000000000000000e+02
9.780000000000000000e+02
9.240000000000000000e+02
8.100000000000000000e+02
9.570000000000000000e+02
9.780000000000000000e+02
9.240000000000000000e+02
8.100000000000000000e+02
9.570000000000000000e+02
9.780000000000000000e+02
9.240000000000000000e+02
7.730000000000000000e+02
9.480000000000000000e+02
9.740000000000000000e+02
9.090000000000000000e+02
7.730000000000000000e+02
9.480000000000000000e+02
9.740000000000000000e+02
9.090000000000000000e+02
7.730000000000000000e+02
9.480000000000000000e+02
9.740000000000000000e+02
9.090000000000000000e+02
7.730000000000000000e+02
9.480000000000000000e+02
9.740000000000000000e+02
9.090000000000000000e+02
7.730000000000000000e+02
9.480000000000000000e+02
9.740000000000000000e+02
9.090000000000000000e+02
7.730000000000000000e+02
9.480000000000000000e+02
9.740000000000000000e+02
9.090000000000000000e+02
9.980000000000000000e+02
9.990000000000000000e+02
9.950000000000000000e+02
9.980000000000000000e+02
9.990000000000000000e+02
9.950000000000000000e+02
9.980000000000000000e+02
9.990000000000000000e+02
9.950000000000000000e+02
9.980000000000000000e+02
9.990000000000000000e+02
9.950000000000000000e+02
9.980000000000000000e+02
9.990000000000000000e+02
9.950000000000000000e+02
9.980000000000000000e+02
9.990000000000000000e+02
9.950000000000000000e+02
9.980000000000000000e+02
9.980000000000000000e+02
9.950000000000000000e+02
9.980000000000000000e+02
9.980000000000000000e+02
9.950000000000000000e+02
9.980000000000000000e+02
9.980000000000000000e+02
9.950000000000000000e+02
9.980000000000000000e+02
9.980000000000000000e+02
9.950000000000000000e+02
9.980000000000000000e+02
9.980000000000000000e+02
9.950000000000000000e+02
9.980000000000000000e+02
9.980000000000000000e+02
9.950000000000000000e+02
9.980000000000000000e+02
9.980000000000000000e+02
9.940000000000000000e+02
9.980000000000000000e+02
9.980000000000000000e+02
9.940000000000000000e+02
9.980000000000000000e+02
9.980000000000000000e+02
9.940000000000000000e+02
9.980000000000000000e+02
9.980000000000000000e+02
9.940000000000000000e+02
9.980000000000000000e+02
9.980000000000000000e+02
9.940000000000000000e+02
9.980000000000000000e+02
9.980000000000000000e+02
9.940000000000000000e+02
9.980000000000000000e+02
9.980000000000000000e+02
9.930000000000000000e+02
9.980000000000000000e+02
9.980000000000000000e+02
9.930000000000000000e+02
9.980000000000000000e+02
9.980000000000000000e+02
9.930000000000000000e+02
9.980000000000000000e+02
9.980000000000000000e+02
9.930000000000000000e+02
9.290000000000000000e+02
8.760000000000000000e+02
9.930000000000000000e+02
7.350000000000000000e+02
9.380000000000000000e+02
9.690000000000000000e+02
8.920000000000000000e+02
9.900000000000000000e+02
9.920000000000000000e+02
9.940000000000000000e+02
9.950000000000000000e+02
7.350000000000000000e+02
9.380000000000000000e+02
9.690000000000000000e+02
8.920000000000000000e+02
9.900000000000000000e+02
9.920000000000000000e+02
9.940000000000000000e+02
9.950000000000000000e+02
7.350000000000000000e+02
9.380000000000000000e+02
9.690000000000000000e+02
8.920000000000000000e+02
9.900000000000000000e+02
9.920000000000000000e+02
9.940000000000000000e+02
9.950000000000000000e+02
7.350000000000000000e+02
9.380000000000000000e+02
9.690000000000000000e+02
8.920000000000000000e+02
9.900000000000000000e+02
9.920000000000000000e+02
9.940000000000000000e+02
9.950000000000000000e+02
7.350000000000000000e+02
9.380000000000000000e+02
9.690000000000000000e+02
8.920000000000000000e+02
9.900000000000000000e+02
9.920000000000000000e+02
9.940000000000000000e+02
9.950000000000000000e+02
7.350000000000000000e+02
9.380000000000000000e+02
9.690000000000000000e+02
8.920000000000000000e+02
9.900000000000000000e+02
9.920000000000000000e+02
9.940000000000000000e+02
9.950000000000000000e+02
6.970000000000000000e+02
9.290000000000000000e+02
9.640000000000000000e+02
8.760000000000000000e+02
9.890000000000000000e+02
9.910000000000000000e+02
9.930000000000000000e+02
9.950000000000000000e+02
6.960000000000000000e+02
9.290000000000000000e+02
9.640000000000000000e+02
8.760000000000000000e+02
9.890000000000000000e+02
9.910000000000000000e+02
9.930000000000000000e+02
9.950000000000000000e+02
6.960000000000000000e+02
9.640000000000000000e+02
9.890000000000000000e+02
9.910000000000000000e+02
9.930000000000000000e+02
9.950000000000000000e+02
6.960000000000000000e+02
9.290000000000000000e+02
9.640000000000000000e+02
8.760000000000000000e+02
9.890000000000000000e+02
9.910000000000000000e+02
9.930000000000000000e+02
9.950000000000000000e+02
6.960000000000000000e+02
9.290000000000000000e+02
9.640000000000000000e+02
8.760000000000000000e+02
9.890000000000000000e+02
9.910000000000000000e+02
9.930000000000000000e+02
9.950000000000000000e+02
6.960000000000000000e+02
9.290000000000000000e+02
9.640000000000000000e+02
8.760000000000000000e+02
9.890000000000000000e+02
9.910000000000000000e+02
9.930000000000000000e+02
9.950000000000000000e+02
6.590000000000000000e+02
9.200000000000000000e+02
9.600000000000000000e+02
8.590000000000000000e+02
9.870000000000000000e+02
9.900000000000000000e+02
9.920000000000000000e+02
9.940000000000000000e+02
6.560000000000000000e+02
9.200000000000000000e+02
9.600000000000000000e+02
8.590000000000000000e+02
9.870000000000000000e+02
9.900000000000000000e+02
9.920000000000000000e+02
9.940000000000000000e+02
6.560000000000000000e+02
9.200000000000000000e+02
9.600000000000000000e+02
8.590000000000000000e+02
9.870000000000000000e+02
9.900000000000000000e+02
9.920000000000000000e+02
9.940000000000000000e+02
6.560000000000000000e+02
9.200000000000000000e+02
9.600000000000000000e+02
8.590000000000000000e+02
9.870000000000000000e+02
9.900000000000000000e+02
9.920000000000000000e+02
9.940000000000000000e+02
6.560000000000000000e+02
9.200000000000000000e+02
9.600000000000000000e+02
8.590000000000000000e+02
9.870000000000000000e+02
9.900000000000000000e+02
9.920000000000000000e+02
9.940000000000000000e+02
6.560000000000000000e+02
9.200000000000000000e+02
9.600000000000000000e+02
8.590000000000000000e+02
9.870000000000000000e+02
9.900000000000000000e+02
9.920000000000000000e+02
9.940000000000000000e+02
6.200000000000000000e+02
9.110000000000000000e+02
9.550000000000000000e+02
8.430000000000000000e+02
9.860000000000000000e+02
9.890000000000000000e+02
9.920000000000000000e+02
9.930000000000000000e+02
6.150000000000000000e+02
9.110000000000000000e+02
9.550000000000000000e+02
8.430000000000000000e+02
9.860000000000000000e+02
9.890000000000000000e+02
9.920000000000000000e+02
9.930000000000000000e+02
6.150000000000000000e+02
9.110000000000000000e+02
9.550000000000000000e+02
8.430000000000000000e+02
9.860000000000000000e+02
9.890000000000000000e+02
9.920000000000000000e+02
9.930000000000000000e+02
6.150000000000000000e+02
9.110000000000000000e+02
9.550000000000000000e+02
8.430000000000000000e+02
9.860000000000000000e+02
9.890000000000000000e+02
9.920000000000000000e+02
9.930000000000000000e+02
6.150000000000000000e+02
9.110000000000000000e+02
9.550000000000000000e+02
8.430000000000000000e+02
9.860000000000000000e+02
9.890000000000000000e+02
9.920000000000000000e+02
9.930000000000000000e+02
6.150000000000000000e+02
9.110000000000000000e+02
9.550000000000000000e+02
8.430000000000000000e+02
9.860000000000000000e+02
9.890000000000000000e+02
9.920000000000000000e+02
9.930000000000000000e+02
5.830000000000000000e+02
9.010000000000000000e+02
9.500000000000000000e+02
8.260000000000000000e+02
9.850000000000000000e+02
9.880000000000000000e+02
9.910000000000000000e+02
9.930000000000000000e+02
5.720000000000000000e+02
9.010000000000000000e+02
9.500000000000000000e+02
8.260000000000000000e+02
9.850000000000000000e+02
9.880000000000000000e+02
9.910000000000000000e+02
9.930000000000000000e+02
3.120000000000000000e+02
8.180000000000000000e+02
9.090000000000000000e+02
9.440000000000000000e+02
6.810000000000000000e+02
9.720000000000000000e+02
9.780000000000000000e+02
9.830000000000000000e+02
9.870000000000000000e+02
2.120000000000000000e+02
8.170000000000000000e+02
9.090000000000000000e+02
9.440000000000000000e+02
6.740000000000000000e+02
9.720000000000000000e+02
9.780000000000000000e+02
9.830000000000000000e+02
9.870000000000000000e+02
1.840000000000000000e+02
8.170000000000000000e+02
9.090000000000000000e+02
9.440000000000000000e+02
6.740000000000000000e+02
9.720000000000000000e+02
9.780000000000000000e+02
9.830000000000000000e+02
9.870000000000000000e+02
1.590000000000000000e+02
8.170000000000000000e+02
9.090000000000000000e+02
9.440000000000000000e+02
6.740000000000000000e+02
9.720000000000000000e+02
9.780000000000000000e+02
9.830000000000000000e+02
9.870000000000000000e+02
1.140000000000000000e+02
8.170000000000000000e+02
9.090000000000000000e+02
9.440000000000000000e+02
6.740000000000000000e+02
9.720000000000000000e+02
9.780000000000000000e+02
9.830000000000000000e+02
9.870000000000000000e+02
8.300000000000000000e+01
8.170000000000000000e+02
9.090000000000000000e+02
9.440000000000000000e+02
6.740000000000000000e+02
9.720000000000000000e+02
9.780000000000000000e+02
9.830000000000000000e+02
9.870000000000000000e+02
2.900000000000000000e+02
8.080000000000000000e+02
9.040000000000000000e+02
9.410000000000000000e+02
6.660000000000000000e+02
9.700000000000000000e+02
9.770000000000000000e+02
9.820000000000000000e+02
9.860000000000000000e+02
1.850000000000000000e+02
8.080000000000000000e+02
9.040000000000000000e+02
9.410000000000000000e+02
6.570000000000000000e+02
9.700000000000000000e+02
9.770000000000000000e+02
9.820000000000000000e+02
9.860000000000000000e+02
1.560000000000000000e+02
8.080000000000000000e+02
9.040000000000000000e+02
9.410000000000000000e+02
6.570000000000000000e+02
9.700000000000000000e+02
9.770000000000000000e+02
9.820000000000000000e+02
9.860000000000000000e+02
1.300000000000000000e+02
8.080000000000000000e+02
9.040000000000000000e+02
9.410000000000000000e+02
6.570000000000000000e+02
9.700000000000000000e+02
9.770000000000000000e+02
9.820000000000000000e+02
9.860000000000000000e+02
8.400000000000000000e+01
8.080000000000000000e+02
9.040000000000000000e+02
9.410000000000000000e+02
6.570000000000000000e+02
9.700000000000000000e+02
9.770000000000000000e+02
9.820000000000000000e+02
9.860000000000000000e+02
5.500000000000000000e+01
8.080000000000000000e+02
9.040000000000000000e+02
9.410000000000000000e+02
6.570000000000000000e+02
9.700000000000000000e+02
9.770000000000000000e+02
9.820000000000000000e+02
9.860000000000000000e+02
2.700000000000000000e+02
7.990000000000000000e+02
9.000000000000000000e+02
9.380000000000000000e+02
6.510000000000000000e+02
9.690000000000000000e+02
9.760000000000000000e+02
9.810000000000000000e+02
9.850000000000000000e+02
1.600000000000000000e+02
7.980000000000000000e+02
9.000000000000000000e+02
9.380000000000000000e+02
6.390000000000000000e+02
9.690000000000000000e+02
9.760000000000000000e+02
9.810000000000000000e+02
9.850000000000000000e+02
1.310000000000000000e+02
7.980000000000000000e+02
9.000000000000000000e+02
9.380000000000000000e+02
6.390000000000000000e+02
9.690000000000000000e+02
9.760000000000000000e+02
9.810000000000000000e+02
9.850000000000000000e+02
1.060000000000000000e+02
7.980000000000000000e+02
9.000000000000000000e+02
9.380000000000000000e+02
6.390000000000000000e+02
9.690000000000000000e+02
9.760000000000000000e+02
9.810000000000000000e+02
9.850000000000000000e+02
6.200000000000000000e+01
7.980000000000000000e+02
9.000000000000000000e+02
9.380000000000000000e+02
6.390000000000000000e+02
9.690000000000000000e+02
9.760000000000000000e+02
9.810000000000000000e+02
9.850000000000000000e+02
3.400000000000000000e+01
7.980000000000000000e+02
9.000000000000000000e+02
9.380000000000000000e+02
6.390000000000000000e+02
9.690000000000000000e+02
9.760000000000000000e+02
9.810000000000000000e+02
9.850000000000000000e+02
2.350000000000000000e+02
7.820000000000000000e+02
8.910000000000000000e+02
9.320000000000000000e+02
6.210000000000000000e+02
9.660000000000000000e+02
9.740000000000000000e+02
9.800000000000000000e+02
9.840000000000000000e+02
2.190000000000000000e+02
7.730000000000000000e+02
8.860000000000000000e+02
9.290000000000000000e+02
6.070000000000000000e+02
9.650000000000000000e+02
9.730000000000000000e+02
9.790000000000000000e+02
9.830000000000000000e+02
1.050000000000000000e+02
7.700000000000000000e+02
8.860000000000000000e+02
9.290000000000000000e+02
5.860000000000000000e+02
9.650000000000000000e+02
9.730000000000000000e+02
9.790000000000000000e+02
9.830000000000000000e+02
7.900000000000000000e+01
7.700000000000000000e+02
8.860000000000000000e+02
9.290000000000000000e+02
5.850000000000000000e+02
9.650000000000000000e+02
9.730000000000000000e+02
9.790000000000000000e+02
9.830000000000000000e+02
5.700000000000000000e+01
7.700000000000000000e+02
8.860000000000000000e+02
9.290000000000000000e+02
5.850000000000000000e+02
9.650000000000000000e+02
9.730000000000000000e+02
9.790000000000000000e+02
9.830000000000000000e+02
2.200000000000000000e+01
7.700000000000000000e+02
8.860000000000000000e+02
9.290000000000000000e+02
5.850000000000000000e+02
9.650000000000000000e+02
9.730000000000000000e+02
9.790000000000000000e+02
9.830000000000000000e+02
3.000000000000000000e+00
7.700000000000000000e+02
8.860000000000000000e+02
9.290000000000000000e+02
5.850000000000000000e+02
9.650000000000000000e+02
9.730000000000000000e+02
9.790000000000000000e+02
9.830000000000000000e+02
2.050000000000000000e+02
7.640000000000000000e+02
8.820000000000000000e+02
9.260000000000000000e+02
5.930000000000000000e+02
9.630000000000000000e+02
9.720000000000000000e+02
9.780000000000000000e+02
9.820000000000000000e+02
9.200000000000000000e+01
7.610000000000000000e+02
8.810000000000000000e+02
9.260000000000000000e+02
5.680000000000000000e+02
9.630000000000000000e+02
9.720000000000000000e+02
9.780000000000000000e+02
9.820000000000000000e+02
6.700000000000000000e+01
7.610000000000000000e+02
8.810000000000000000e+02
9.260000000000000000e+02
5.660000000000000000e+02
9.630000000000000000e+02
9.720000000000000000e+02
9.780000000000000000e+02
9.820000000000000000e+02
4.700000000000000000e+01
7.610000000000000000e+02
8.810000000000000000e+02
9.260000000000000000e+02
5.660000000000000000e+02
9.630000000000000000e+02
9.720000000000000000e+02
9.780000000000000000e+02
9.820000000000000000e+02
1.500000000000000000e+01
7.610000000000000000e+02
8.810000000000000000e+02
9.260000000000000000e+02
5.660000000000000000e+02
9.630000000000000000e+02
9.720000000000000000e+02
9.780000000000000000e+02
9.820000000000000000e+02
1.000000000000000000e+00
7.610000000000000000e+02
8.810000000000000000e+02
9.260000000000000000e+02
5.660000000000000000e+02
9.630000000000000000e+02
9.720000000000000000e+02
9.780000000000000000e+02
9.820000000000000000e+02
1.790000000000000000e+02
7.470000000000000000e+02
8.730000000000000000e+02
9.210000000000000000e+02
5.650000000000000000e+02
9.600000000000000000e+02
9.700000000000000000e+02
9.760000000000000000e+02
9.810000000000000000e+02
7.000000000000000000e+01
7.420000000000000000e+02
8.720000000000000000e+02
9.210000000000000000e+02
5.330000000000000000e+02
9.600000000000000000e+02
9.700000000000000000e+02
9.760000000000000000e+02
9.810000000000000000e+02
4.800000000000000000e+01
7.420000000000000000e+02
8.720000000000000000e+02
9.210000000000000000e+02
5.290000000000000000e+02
9.600000000000000000e+02
9.700000000000000000e+02
9.760000000000000000e+02
9.810000000000000000e+02
3.100000000000000000e+01
7.420000000000000000e+02
8.720000000000000000e+02
9.210000000000000000e+02
5.280000000000000000e+02
9.600000000000000000e+02
9.700000000000000000e+02
9.760000000000000000e+02
9.810000000000000000e+02
6.000000000000000000e+00
7.420000000000000000e+02
8.720000000000000000e+02
9.210000000000000000e+02
5.270000000000000000e+02
9.600000000000000000e+02
9.700000000000000000e+02
9.760000000000000000e+02
9.810000000000000000e+02
0.000000000000000000e+00
7.420000000000000000e+02
8.720000000000000000e+02
9.210000000000000000e+02
5.270000000000000000e+02
9.600000000000000000e+02
9.700000000000000000e+02
9.760000000000000000e+02
9.810000000000000000e+02
1.570000000000000000e+02
7.300000000000000000e+02
8.640000000000000000e+02
9.150000000000000000e+02
5.390000000000000000e+02
9.580000000000000000e+02
9.670000000000000000e+02
9.750000000000000000e+02
9.800000000000000000e+02
5.400000000000000000e+01
7.230000000000000000e+02
8.630000000000000000e+02
9.150000000000000000e+02
4.980000000000000000e+02
9.580000000000000000e+02
9.670000000000000000e+02
9.750000000000000000e+02
9.800000000000000000e+02
3.500000000000000000e+01
7.230000000000000000e+02
8.630000000000000000e+02
9.150000000000000000e+02
4.920000000000000000e+02
9.580000000000000000e+02
9.670000000000000000e+02
9.750000000000000000e+02
9.800000000000000000e+02
2.000000000000000000e+01
7.230000000000000000e+02
8.630000000000000000e+02
9.150000000000000000e+02
4.880000000000000000e+02
9.580000000000000000e+02
9.670000000000000000e+02
9.750000000000000000e+02
9.800000000000000000e+02
3.000000000000000000e+00
7.230000000000000000e+02
8.630000000000000000e+02
9.150000000000000000e+02
4.860000000000000000e+02
9.580000000000000000e+02
9.670000000000000000e+02
9.750000000000000000e+02
9.800000000000000000e+02
0.000000000000000000e+00
7.230000000000000000e+02
8.630000000000000000e+02
9.150000000000000000e+02
4.860000000000000000e+02
9.580000000000000000e+02
9.670000000000000000e+02
9.750000000000000000e+02
9.800000000000000000e+02
1.380000000000000000e+02
7.130000000000000000e+02
8.550000000000000000e+02
9.090000000000000000e+02
5.150000000000000000e+02
9.550000000000000000e+02
9.650000000000000000e+02
9.730000000000000000e+02
9.780000000000000000e+02
4.100000000000000000e+01
7.040000000000000000e+02
8.540000000000000000e+02
9.090000000000000000e+02
4.630000000000000000e+02
9.550000000000000000e+02
9.650000000000000000e+02
9.730000000000000000e+02
9.780000000000000000e+02
2.500000000000000000e+01
7.040000000000000000e+02
8.540000000000000000e+02
9.090000000000000000e+02
4.540000000000000000e+02
9.550000000000000000e+02
9.650000000000000000e+02
9.730000000000000000e+02
9.780000000000000000e+02
1.300000000000000000e+01
7.040000000000000000e+02
8.540000000000000000e+02
9.090000000000000000e+02
4.480000000000000000e+02
9.550000000000000000e+02
9.650000000000000000e+02
9.730000000000000000e+02
9.780000000000000000e+02
1.000000000000000000e+00
7.040000000000000000e+02
8.540000000000000000e+02
9.090000000000000000e+02
4.430000000000000000e+02
9.550000000000000000e+02
9.650000000000000000e+02
9.730000000000000000e+02
9.780000000000000000e+02
0.000000000000000000e+00
7.040000000000000000e+02
8.540000000000000000e+02
9.090000000000000000e+02
4.430000000000000000e+02
9.550000000000000000e+02
9.650000000000000000e+02
9.730000000000000000e+02
9.780000000000000000e+02
1.220000000000000000e+02
6.960000000000000000e+02
8.460000000000000000e+02
9.040000000000000000e+02
4.910000000000000000e+02
9.520000000000000000e+02
9.630000000000000000e+02
9.710000000000000000e+02
9.770000000000000000e+02
3.100000000000000000e+01
6.850000000000000000e+02
8.450000000000000000e+02
9.040000000000000000e+02
4.300000000000000000e+02
9.520000000000000000e+02
9.630000000000000000e+02
9.710000000000000000e+02
9.770000000000000000e+02
1.800000000000000000e+01
6.840000000000000000e+02
8.450000000000000000e+02
9.040000000000000000e+02
4.170000000000000000e+02
9.520000000000000000e+02
9.630000000000000000e+02
9.710000000000000000e+02
9.770000000000000000e+02
9.000000000000000000e+00
6.840000000000000000e+02
8.450000000000000000e+02
9.040000000000000000e+02
4.080000000000000000e+02
9.520000000000000000e+02
9.630000000000000000e+02
9.710000000000000000e+02
9.770000000000000000e+02
0.000000000000000000e+00
6.840000000000000000e+02
8.450000000000000000e+02
9.040000000000000000e+02
4.000000000000000000e+02
9.520000000000000000e+02
9.630000000000000000e+02
9.710000000000000000e+02
9.770000000000000000e+02
0.000000000000000000e+00
6.840000000000000000e+02
8.450000000000000000e+02
9.040000000000000000e+02
4.000000000000000000e+02
9.520000000000000000e+02
9.630000000000000000e+02
9.710000000000000000e+02
9.770000000000000000e+02
8.500000000000000000e+01
6.490000000000000000e+02
8.200000000000000000e+02
8.870000000000000000e+02
4.270000000000000000e+02
9.430000000000000000e+02
9.560000000000000000e+02
9.660000000000000000e+02
9.730000000000000000e+02
1.500000000000000000e+01
6.260000000000000000e+02
8.170000000000000000e+02
8.860000000000000000e+02
3.380000000000000000e+02
9.430000000000000000e+02
9.560000000000000000e+02
9.660000000000000000e+02
9.730000000000000000e+02
7.000000000000000000e+00
6.250000000000000000e+02
8.170000000000000000e+02
8.860000000000000000e+02
3.160000000000000000e+02
9.430000000000000000e+02
9.560000000000000000e+02
9.660000000000000000e+02
9.730000000000000000e+02
3.000000000000000000e+00
6.250000000000000000e+02
8.170000000000000000e+02
8.860000000000000000e+02
2.960000000000000000e+02
9.430000000000000000e+02
9.560000000000000000e+02
9.660000000000000000e+02
9.730000000000000000e+02
0.000000000000000000e+00
6.250000000000000000e+02
8.170000000000000000e+02
8.860000000000000000e+02
2.720000000000000000e+02
9.430000000000000000e+02
9.560000000000000000e+02
9.660000000000000000e+02
9.730000000000000000e+02
0.000000000000000000e+00
6.250000000000000000e+02
8.170000000000000000e+02
8.860000000000000000e+02
2.590000000000000000e+02
9.430000000000000000e+02
9.560000000000000000e+02
9.660000000000000000e+02
9.730000000000000000e+02
9.550000000000000000e+02
9.550000000000000000e+02
9.550000000000000000e+02
9.550000000000000000e+02
9.550000000000000000e+02
9.550000000000000000e+02
9.490000000000000000e+02
9.490000000000000000e+02
9.490000000000000000e+02
9.490000000000000000e+02
9.490000000000000000e+02
9.490000000000000000e+02
9.460000000000000000e+02
9.460000000000000000e+02
9.460000000000000000e+02
9.460000000000000000e+02
9.460000000000000000e+02
9.460000000000000000e+02
3.600000000000000000e+02
8.360000000000000000e+02
9.180000000000000000e+02
7.120000000000000000e+02
9.750000000000000000e+02
9.810000000000000000e+02
9.850000000000000000e+02
9.880000000000000000e+02
2.750000000000000000e+02
8.360000000000000000e+02
9.180000000000000000e+02
7.090000000000000000e+02
9.750000000000000000e+02
9.810000000000000000e+02
9.850000000000000000e+02
9.880000000000000000e+02
2.530000000000000000e+02
8.360000000000000000e+02
9.180000000000000000e+02
7.090000000000000000e+02
9.750000000000000000e+02
9.810000000000000000e+02
9.850000000000000000e+02
9.880000000000000000e+02
2.320000000000000000e+02
8.360000000000000000e+02
9.180000000000000000e+02
7.090000000000000000e+02
9.750000000000000000e+02
9.810000000000000000e+02
9.850000000000000000e+02
9.880000000000000000e+02
2.020000000000000000e+02
8.360000000000000000e+02
9.180000000000000000e+02
7.090000000000000000e+02
9.750000000000000000e+02
9.810000000000000000e+02
9.850000000000000000e+02
9.880000000000000000e+02
1.770000000000000000e+02
8.360000000000000000e+02
9.180000000000000000e+02
7.090000000000000000e+02
9.750000000000000000e+02
9.810000000000000000e+02
9.850000000000000000e+02
9.880000000000000000e+02
3.350000000000000000e+02
8.270000000000000000e+02
9.140000000000000000e+02
6.970000000000000000e+02
9.730000000000000000e+02
9.790000000000000000e+02
9.840000000000000000e+02
9.870000000000000000e+02
2.420000000000000000e+02
8.260000000000000000e+02
9.140000000000000000e+02
6.920000000000000000e+02
9.730000000000000000e+02
9.790000000000000000e+02
9.840000000000000000e+02
9.870000000000000000e+02
2.170000000000000000e+02
8.260000000000000000e+02
9.140000000000000000e+02
6.920000000000000000e+02
9.730000000000000000e+02
9.790000000000000000e+02
9.840000000000000000e+02
9.870000000000000000e+02
1.930000000000000000e+02
8.260000000000000000e+02
9.140000000000000000e+02
6.920000000000000000e+02
9.730000000000000000e+02
9.790000000000000000e+02
9.840000000000000000e+02
9.870000000000000000e+02
1.530000000000000000e+02
8.260000000000000000e+02
9.140000000000000000e+02
6.920000000000000000e+02
9.730000000000000000e+02
9.790000000000000000e+02
9.840000000000000000e+02
9.870000000000000000e+02
1.220000000000000000e+02
8.260000000000000000e+02
6.920000000000000000e+02
